0 0.042499999050050974 0.8816326148808002 0.06499999854713678 0.11428570933640003
0 0.12749999715015292 0.7857142516877502 0.06499999854713678 0.11020407686010003
2 0.16874999622814357 0.7163264995906502 0.052499998826533556 0.09387754695490003
1 0.09624999784864485 0.47959181596525013 0.042499999050050974 0.06938775209710002
0 0.08499999810010195 0.3551020254381001 0.03999999910593033 0.08979591447860003
0 0.0274999993853271 0.3224489656277001 0.03499999921768904 0.07346938457340002
1 0.0824999981559813 0.048979589715600014 0.04999999888241291 0.08163264952600002
0 0.29874999332241714 0.07755101704970002 0.052499998826533556 0.08163264952600002
0 0.25999999418854713 0.2714285596739501 0.0549999987706542 0.06938775209710002
0 0.2649999940767884 0.49795916210860014 0.04499999899417162 0.08979591447860003
0 0.37499999161809683 0.9265305721201003 0.06999999843537807 0.10612244438380003
0 0.518749988405034 0.7469387431629002 0.06249999860301614 0.08163264952600002
0 0.5662499873433262 0.8265305764507502 0.07249999837949872 0.10204081190750003
0 0.4987499888520688 0.4306122262496501 0.05749999871477485 0.09387754695490003
0 0.4837499891873449 0.2795918246265501 0.06249999860301614 0.08571428200230002
0 0.49124998901970685 0.15102040162310004 0.05749999871477485 0.07346938457340002
0 0.6412499856669456 0.49387752963230014 0.047499998938292265 0.08163264952600002
0 0.6612499852199107 0.2734693759121001 0.052499998826533556 0.08979591447860003
0 0.7462499833200127 0.2714285596739501 0.05749999871477485 0.09387754695490003
0 0.9324999791570008 0.6448979312554002 0.06999999843537807 0.07346938457340002
0 0.8924999800510705 0.3469387604855001 0.05999999865889549 0.08163264952600002
0 0.8224999816156924 0.20408162381500006 0.04499999899417162 0.07346938457340002
0 0.8199999816715717 0.09183673071675003 0.04499999899417162 0.06122448714450002
