0 0.20749999536201358 0.15891472809016705 0.0549999987706542 0.07751937955617905
0 0.2899999935179949 0.38565891329199076 0.04499999899417162 0.06589147262275219
0 0.4662499895785004 0.20930232480168343 0.047499998938292265 0.06976744160056114
0 0.9137499795760959 0.19961240235716105 0.042499999050050974 0.06589147262275219
0 0.6912499845493585 0.22093023173511028 0.03749999916180968 0.05426356568932533
0 0.6099999863654375 0.20155038684606552 0.03499999921768904 0.04651162773370743
0 0.5662499873433262 0.23255813866853714 0.0274999993853271 0.04651162773370743
0 0.07874999823980033 0.19379844889044762 0.0274999993853271 0.03875968977808952
0 0.2924999934621155 0.15310077462345362 0.024999999441206455 0.042635658755898476
0 0.3399999924004078 0.18410852644592524 0.019999999552965164 0.03488372080028057
0 0.3899999912828207 0.18992247991263866 0.019999999552965164 0.03100775182247162
0 0.9737499782349914 0.20348837133497 0.01749999960884452 0.027131782844662666
