0 0.3887499913107604 0.608333348063752 0.16249999636784196 0.230000005569309
0 0.07249999837949872 0.8766666878946126 0.13999999687075615 0.2133333384990692
0 0.09624999784864485 0.305000007385388 0.11749999737367034 0.16333333728834987
0 0.3412499923724681 0.31666667433455586 0.11249999748542905 0.14000000339001417
0 0.6612499852199107 0.3583333420101553 0.1424999968148768 0.1833333377726376
0 0.5299999881535769 0.18000000435858965 0.10499999765306711 0.1600000038743019
0 0.7449999833479524 0.10333333583548665 0.09499999787658453 0.14000000339001417
0 0.0274999993853271 0.3350000081118196 0.04999999888241291 0.11000000266358256
0 0.8724999804981053 0.11833333619870245 0.09499999787658453 0.11666666949167848
0 0.6487499854993075 0.1000000024214387 0.06749999849125743 0.11333333607763052
1 0.44249999010935426 0.1983333381358534 0.06999999843537807 0.10333333583548665
1 0.9149999795481563 0.2833333401940763 0.13499999698251486 0.17333333753049374
