0 0.8487499810289592 0.17228464595973492 0.06249999860301614 0.09737827815115452
0 0.09249999793246388 0.20973782986402512 0.04999999888241291 0.06741573102772236
0 0.6462499855551869 0.19850187469273806 0.047499998938292265 0.0749063678085804
0 0.7112499841023237 0.2996254712343216 0.03249999927356839 0.05243445746600628
2 0.9387499790173024 0.3014981304295361 0.047499998938292265 0.07865168619900942
2 0.47999998927116394 0.20037453388795257 0.0549999987706542 0.10112359654158354
2 0.11874999734573066 0.282771538477391 0.05749999871477485 0.0936329597607255
1 0.024999999441206455 0.20411985227838159 0.04499999899417162 0.07116104941815138
1 0.197499995585531 0.2977528120391071 0.0549999987706542 0.08614232297986746
1 0.236249994719401 0.23595505859702826 0.03749999916180968 0.05992509424686432
1 0.36499999184161425 0.24719101376831532 0.04499999899417162 0.05992509424686432
1 0.6037499865051359 0.21910112584009767 0.042499999050050974 0.06367041263729334
1 0.7262499837670475 0.15730337239801884 0.047499998938292265 0.06741573102772236
