0 0.18874999578110874 0.29744525311980397 0.052499998826533556 0.07664233515970409
0 0.40374999097548425 0.2700729905627668 0.06749999849125743 0.10218978021293879
0 0.5737499871756881 0.26642335555516183 0.05749999871477485 0.08759124018251896
1 0.7524999831803143 0.26642335555516183 0.0549999987706542 0.07299270015209913
1 0.9512499787379056 0.29014598310459405 0.052499998826533556 0.06934306514449418
1 0.9662499784026295 0.08759124018251896 0.03249999927356839 0.04379562009125948
1 0.6362499857787043 0.041970802587457 0.01749999960884452 0.04014598508365452
1 0.5737499871756881 0.05474452511407435 0.012499999720603228 0.029197080060839653
1 0.8187499816995114 0.125912407762371 0.012499999720603228 0.025547445053234696
1 0.7449999833479524 0.12408759025856853 0.014999999664723873 0.02189781004562974
1 0.7074999841861427 0.11678832024335861 0.014999999664723873 0.02189781004562974
0 0.4387499901931733 0.10218978021293879 0.01749999960884452 0.029197080060839653
1 0.36999999172985554 0.12043795525096357 0.014999999664723873 0.02189781004562974
1 0.21499999519437551 0.10036496270913631 0.014999999664723873 0.025547445053234696
1 0.1537499965634197 0.10401459771674126 0.01749999960884452 0.03284671506844461
1 0.06999999843537807 0.09671532770153135 0.014999999664723873 0.03284671506844461
1 0.014999999664723873 0.0930656926939264 0.019999999552965164 0.025547445053234696
