0 0.278749993769452 0.24906367296352983 0.0274999993853271 0.04119850229471922
1 0.3612499919254333 0.27528090169653296 0.03749999916180968 0.04868913907557726
0 0.4887499890755862 0.23782771779224277 0.03749999916180968 0.06367041263729334
0 0.6162499862257391 0.2958801528438926 0.047499998938292265 0.06741573102772236
0 0.7199999839067459 0.32958801835775375 0.04499999899417162 0.06741573102772236
0 0.8387499812524766 0.3014981304295361 0.06249999860301614 0.08614232297986746
0 0.979999978095293 0.28838951606303453 0.03999999910593033 0.1123595517128706
0 0.22374999499879777 0.2846441976726055 0.02249999949708581 0.0374531839042902
0 0.19624999561347067 0.2602996281348169 0.02249999949708581 0.04119850229471922
0 0.15749999647960067 0.2621722873300314 0.019999999552965164 0.0374531839042902
0 0.12249999726191163 0.2584269689396024 0.024999999441206455 0.02996254712343216
