0 0.08499999810010195 0.26769911404699087 0.04999999888241291 0.09292035363614559
0 0.1699999962002039 0.3230088483542204 0.04499999899417162 0.08849557489156723
0 0.3512499921489507 0.2986725652590394 0.05749999871477485 0.10176991112530231
0 0.4062499909196049 0.28318583965301514 0.042499999050050974 0.08849557489156723
0 0.45249998988583684 0.5132743343710899 0.0549999987706542 0.10619468986988068
0 0.47999998927116394 0.2743362821638584 0.029999999329447746 0.06194690242409706
0 0.5287499881815165 0.2632743353024125 0.0274999993853271 0.08407079614698887
0 0.5612499874550849 0.2765486715361476 0.042499999050050974 0.09292035363614559
0 0.6137499862816185 0.3097345121204853 0.03749999916180968 0.07964601740241051
0 0.6512499854434282 0.3473451314494014 0.042499999050050974 0.09292035363614559
0 0.7149999840185046 0.3694690251722932 0.0549999987706542 0.11061946861445904
0 0.7674999828450382 0.2544247778132558 0.03499999921768904 0.07522123865783215
1 0.8087499819230288 0.25884955655783415 0.042499999050050974 0.0575221236795187
0 0.8824999802745879 0.23230088409036398 0.04499999899417162 0.08407079614698887
0 0.9399999789893627 0.2544247778132558 0.04999999888241291 0.09292035363614559
0 0.3687499917577952 0.23230088409036398 0.03749999916180968 0.06637168116867542
0 0.3012499932665378 0.2300884947180748 0.03749999916180968 0.06194690242409706
