0 0.1749999960884452 0.29253113572485745 0.03499999921768904 0.09543568966910243
0 0.352499992121011 0.37966806977055967 0.04999999888241291 0.08713693404570222
0 0.5312499881256372 0.3692946252413094 0.052499998826533556 0.09128631185740232
0 0.7599999830126762 0.3464730472769588 0.0549999987706542 0.09543568966910243
0 0.871249980526045 0.352697113994509 0.0274999993853271 0.11618257872760296
1 0.6862499846611172 0.3215767804067582 0.01749999960884452 0.03734440030530095
1 0.5987499866168946 0.39419089211151004 0.01749999960884452 0.033195022493600845
1 0.5987499866168946 0.3298755360301584 0.01749999960884452 0.02904564468190074
0 0.6649999851360917 0.32780084712430835 0.009999999776482582 0.024896266870200634
0 0.708749984158203 0.3112033358775079 0.012499999720603228 0.024896266870200634
