0 0.669999985024333 0.659246570430696 0.11999999731779099 0.18835616298019886
0 0.8037499820347875 0.5599315026775002 0.1324999970383942 0.19520547799766064
0 0.9424999789334834 0.45547944866120815 0.05999999865889549 0.10273972526192665
0 0.828749981475994 0.25856164190918207 0.06749999849125743 0.08561643771827221
0 0.9312499791849405 0.22260273806750774 0.03249999927356839 0.06849315017461777
0 0.6874999846331775 0.3647260246798396 0.07999999821186066 0.11301369778811932
0 0.6324999858625233 0.19863013550639153 0.04499999899417162 0.07534246519207954
0 0.5637499873992056 0.45205479115247726 0.07249999837949872 0.10958904027938843
0 0.3687499917577952 0.4571917774155736 0.07249999837949872 0.11986301280558109
0 0.5099999886006117 0.3647260246798396 0.05999999865889549 0.07876712270081043
0 0.2524999943561852 0.42123287357389927 0.05999999865889549 0.07534246519207954
0 0.11874999734573066 0.5273972563445568 0.07249999837949872 0.1164383552968502
0 0.052499998826533556 0.38184931222349405 0.0549999987706542 0.07876712270081043
0 0.2412499946076423 0.2243150668218732 0.05749999871477485 0.07191780768334866
0 0.35874999198131263 0.17123287543654442 0.052499998826533556 0.07534246519207954
0 0.47999998927116394 0.21917808055877686 0.029999999329447746 0.054794520139694214
0 0.5337499880697578 0.2568493131548166 0.03249999927356839 0.06164383515715599
0 0.14374999678693712 0.1746575329452753 0.05749999871477485 0.07534246519207954
