0 0.17999999597668648 0.288000013679266 0.019999999552965164 0.04000000189989805
1 0.2849999936297536 0.2980000141542405 0.024999999441206455 0.05200000246986747
1 0.34249999234452844 0.2900000137742609 0.029999999329447746 0.05200000246986747
0 0.3899999912828207 0.33400001586414874 0.03999999910593033 0.06800000322982669
0 0.4774999893270433 0.28400001348927617 0.04499999899417162 0.08800000417977571
1 0.49124998901970685 0.3060000145342201 0.01749999960884452 0.05200000246986747
0 0.5424999878741801 0.3100000147242099 0.03999999910593033 0.0760000036098063
1 0.5749999871477485 0.34200001624412835 0.019999999552965164 0.04400000208988786
0 0.6037499865051359 0.34800001652911305 0.03749999916180968 0.06400000303983688
0 0.7337499835994095 0.3620000171940774 0.042499999050050974 0.06800000322982669
1 0.9249999793246388 0.3020000143442303 0.014999999664723873 0.0760000036098063
