0 0.11999999731779099 0.6161048752255738 0.06999999843537807 0.08614232297986746
0 0.24874999444000423 0.5636704177595675 0.05749999871477485 0.0936329597607255
0 0.3837499914225191 0.8258427050895989 0.07249999837949872 0.10112359654158354
0 0.313749992987141 0.5411985074169934 0.047499998938292265 0.07116104941815138
0 0.35874999198131263 0.41947565972805023 0.042499999050050974 0.06741573102772236
2 0.2699999939650297 0.36891386145725846 0.03499999921768904 0.0561797758564353
0 0.16249999636784196 0.44194757007062435 0.03499999921768904 0.06741573102772236
0 0.15124999661929905 0.36329588387161493 0.02249999949708581 0.04494382068514824
0 0.21124999527819455 0.3220973815768957 0.02249999949708581 0.0374531839042902
0 0.472499989438802 0.47565543558448553 0.06499999854713678 0.08988764137029648
0 0.5324999880976975 0.3951310901902616 0.03999999910593033 0.07116104941815138
0 0.7687499828170985 0.466292139608413 0.0824999981559813 0.10861423332244158
0 0.9337499791290611 0.5337078706361353 0.03749999916180968 0.08614232297986746
0 0.6262499860022217 0.3595505654811859 0.02249999949708581 0.06741573102772236
0 0.5599999874830246 0.2621722873300314 0.03499999921768904 0.05992509424686432
0 0.46499998960644007 0.23220974020659924 0.029999999329447746 0.04494382068514824
0 0.313749992987141 0.2602996281348169 0.02249999949708581 0.04868913907557726
0 0.09499999787658453 0.3408239735290408 0.019999999552965164 0.05992509424686432
0 0.07499999832361937 0.2846441976726055 0.019999999552965164 0.04494382068514824
0 0.15249999659135938 0.25093633215874434 0.029999999329447746 0.05243445746600628
0 0.22749999491497874 0.21535580744966865 0.019999999552965164 0.03370786551386118
