1 0.02249999949708581 0.21666667191311717 0.03499999921768904 0.060000001452863216
1 0.06874999846331775 0.18833333789370954 0.047499998938292265 0.07000000169500709
1 0.1312499970663339 0.18000000435858965 0.03249999927356839 0.0533333346247673
1 0.13624999695457518 0.2366666723974049 0.02249999949708581 0.07333333510905504
1 0.06374999857507646 0.39333334285765886 0.03249999927356839 0.060000001452863216
0 0.09374999790452421 0.5150000124704093 0.05749999871477485 0.09666666900739074
2 0.14749999670311809 0.6250000151339918 0.05999999865889549 0.10333333583548665
1 0.2849999936297536 0.9550000231247395 0.08499999810010195 0.09000000217929482
1 0.2849999936297536 0.04833333450369537 0.029999999329447746 0.05000000121071935
1 0.2974999933503568 0.16500000399537385 0.03999999910593033 0.07000000169500709
1 0.34874999220483005 0.2066666716709733 0.03249999927356839 0.07333333510905504
1 0.38249999145045877 0.22000000532716513 0.029999999329447746 0.07333333510905504
1 0.2637499941047281 0.38000000920146704 0.042499999050050974 0.06666666828095913
0 0.3337499925401062 0.538333346368745 0.047499998938292265 0.09000000217929482
0 0.4162499906960875 0.533333346247673 0.042499999050050974 0.08666666876524687
1 0.4987499888520688 0.20833333837799728 0.03249999927356839 0.05666666803881526
1 0.5337499880697578 0.21000000508502126 0.0274999993853271 0.060000001452863216
0 0.5874999868683517 0.2616666730027646 0.029999999329447746 0.09666666900739074
1 0.6749999849125743 0.13166666985489428 0.04499999899417162 0.09000000217929482
1 0.7574999830685556 0.1616666705813259 0.03499999921768904 0.06333333486691117
0 0.8862499801907688 0.15833333716727793 0.052499998826533556 0.09000000217929482
0 0.8724999804981053 0.3133333409205079 0.04999999888241291 0.11333333607763052
1 0.28749999357387424 0.0533333346247673 0.03499999921768904 0.04000000096857548
