0 0.25499999430030584 0.2077205890091136 0.04999999888241291 0.0772058826405555
0 0.39249999122694135 0.24080882442649454 0.029999999329447746 0.047794117825105786
1 0.43124999036081135 0.22058823611587286 0.03249999927356839 0.051470588427037
1 0.45374998985789716 0.29779411875642836 0.03249999927356839 0.03676470601931214
2 0.5012499887961894 0.24080882442649454 0.03249999927356839 0.06250000023283064
0 0.6087499863933772 0.21507353021297604 0.02249999949708581 0.04044117662124336
0 0.6437499856110662 0.29595588345546275 0.03249999927356839 0.06250000023283064
0 0.747499983292073 0.29044117755256593 0.03499999921768904 0.07352941203862429
1 0.8262499815318733 0.24448529502842575 0.047499998938292265 0.0772058826405555
0 0.9124999796040356 0.2886029422516003 0.04999999888241291 0.08455882384441793
1 0.33874999242834747 0.29595588345546275 0.0274999993853271 0.03308823541738093
