0 0.08499999810010195 0.2653061109595001 0.04499999899417162 0.08979591447860003
0 0.16749999625608325 0.3163265169132501 0.04499999899417162 0.08571428200230002
0 0.35499999206513166 0.2999999870080501 0.04999999888241291 0.09387754695490003
0 0.3024999932385981 0.23673468362540007 0.029999999329447746 0.057142854668200016
0 0.37124999170191586 0.23469386738725007 0.0274999993853271 0.04489795723930001
0 0.4074999908916652 0.2816326408647001 0.04499999899417162 0.06530611962080002
0 0.433749990304932 0.25306121353060007 0.01749999960884452 0.057142854668200016
0 0.4562499898020178 0.47551018348895013 0.047499998938292265 0.08571428200230002
0 0.47999998927116394 0.2734693759121001 0.029999999329447746 0.057142854668200016
0 0.5274999882094562 0.2693877434358001 0.029999999329447746 0.06530611962080002
0 0.5612499874550849 0.2795918246265501 0.042499999050050974 0.07755101704970002
0 0.6149999862536788 0.3061224357225001 0.03999999910593033 0.07346938457340002
0 0.6537499853875488 0.3346938630566001 0.047499998938292265 0.08979591447860003
0 0.7149999840185046 0.3551020254381001 0.0549999987706542 0.09795917943120003
0 0.7199999839067459 0.21428570500575006 0.029999999329447746 0.06938775209710002
0 0.7687499828170985 0.2612244784832001 0.042499999050050974 0.07346938457340002
1 0.8099999818950891 0.2612244784832001 0.03999999910593033 0.057142854668200016
0 0.8837499802466482 0.23877549986355007 0.042499999050050974 0.06938775209710002
0 0.9387499790173024 0.25714284600690007 0.047499998938292265 0.08163264952600002
0 0.8412499811965972 0.25510202976875007 0.02249999949708581 0.04489795723930001
