1 0.1537499965634197 0.6724999849684536 0.012499999720603228 0.03499999921768904
0 0.2137499952223152 0.6524999854154885 0.01749999960884452 0.03499999921768904
0 0.2574999942444265 0.7199999839067459 0.009999999776482582 0.019999999552965164
0 0.28374999365769327 0.6749999849125743 0.012499999720603228 0.029999999329447746
0 0.3224999927915633 0.6724999849684536 0.014999999664723873 0.03499999921768904
0 0.3412499923724681 0.6849999846890569 0.012499999720603228 0.029999999329447746
0 0.36499999184161425 0.6824999847449362 0.014999999664723873 0.024999999441206455
2 0.43749999022111297 0.7349999835714698 0.024999999441206455 0.04999999888241291
0 0.5749999871477485 0.5549999875947833 0.024999999441206455 0.05999999865889549
0 0.7074999841861427 0.5324999880976975 0.024999999441206455 0.06499999854713678
