1 0.038749999133870006 0.23220974020659924 0.042499999050050974 0.0749063678085804
0 0.0987499977927655 0.2846441976726055 0.06749999849125743 0.13483146205544472
0 0.1599999964237213 0.279026220086962 0.029999999329447746 0.04119850229471922
0 0.30499999318271875 0.23595505859702826 0.0549999987706542 0.09737827815115452
0 0.352499992121011 0.27153558330610394 0.03499999921768904 0.07116104941815138
0 0.5337499880697578 0.29400749364867806 0.03749999916180968 0.07116104941815138
1 0.5837499869521707 0.24719101376831532 0.03749999916180968 0.0749063678085804
0 0.6287499859463423 0.3183520631864667 0.042499999050050974 0.0749063678085804
0 0.793749982258305 0.34456929191946983 0.052499998826533556 0.08988764137029648
1 0.4012499910313636 0.3595505654811859 0.0274999993853271 0.0374531839042902
0 0.9474999788217247 0.23220974020659924 0.019999999552965164 0.02996254712343216
0 0.7074999841861427 0.23970037698745728 0.024999999441206455 0.04494382068514824
