0 0.033749999245628715 0.35555556416511536 0.06249999860301614 0.12444444745779037
0 0.07874999823980033 0.26444445084780455 0.06249999860301614 0.12000000290572643
1 0.2249999949708581 0.22000000532716513 0.06999999843537807 0.10222222469747066
0 0.3462499922607094 0.20444444939494133 0.047499998938292265 0.08000000193715096
0 0.41999999061226845 0.1911111157387495 0.06999999843537807 0.08000000193715096
0 0.41374999075196683 0.34000000823289156 0.07249999837949872 0.11111111380159855
0 0.1812499959487468 0.37777778692543507 0.10749999759718776 0.18666667118668556
0 0.5287499881815165 0.3466666750609875 0.0824999981559813 0.12444444745779037
0 0.8162499817553908 0.4200000101700425 0.0874999980442226 0.15555555932223797
1 0.673749984940514 0.2533333394676447 0.06749999849125743 0.1066666692495346
