0 0.029999999329447746 0.27751195151358843 0.03999999910593033 0.07655502110719681
0 0.13999999687075615 0.28947367356158793 0.03499999921768904 0.07177033228799701
0 0.2312499948311597 0.29904305119998753 0.03749999916180968 0.07177033228799701
0 0.278749993769452 0.20574161922559142 0.03249999927356839 0.07655502110719681
0 0.3349999925121665 0.24641147418878973 0.03499999921768904 0.08133970992639661
0 0.44124999013729393 0.27511960710398853 0.03749999916180968 0.08133970992639661
0 0.5674999873153865 0.263157885055989 0.03499999921768904 0.07655502110719681
0 0.6537499853875488 0.31100477324798703 0.03249999927356839 0.0669856434687972
0 0.7449999833479524 0.30382774001918733 0.03499999921768904 0.07177033228799701
0 0.8387499812524766 0.35406697262078524 0.042499999050050974 0.0669856434687972
0 0.9549999786540866 0.31818180647678673 0.04499999899417162 0.08133970992639661
