0 0.3999999910593033 0.25555556174367666 0.06999999843537807 0.12888889200985432
0 0.5412499879021198 0.3977777874097228 0.05749999871477485 0.11111111380159855
0 0.2912499934900552 0.8911111326888204 0.1324999970383942 0.21777778305113316
0 0.5387499879579991 0.9355555782094598 0.12249999726191163 0.12888889200985432
0 0.8412499811965972 0.20444444939494133 0.05749999871477485 0.1066666692495346
0 0.6474999855272472 0.15777778159826994 0.06499999854713678 0.10222222469747066
0 0.7274999837391078 0.16222222615033388 0.05999999865889549 0.12888889200985432
0 0.514999988488853 0.25555556174367666 0.06499999854713678 0.12888889200985432
0 0.5299999881535769 0.05111111234873533 0.024999999441206455 0.07555555738508701
0 0.40999999083578587 0.09111111331731081 0.04499999899417162 0.0844444464892149
0 0.27249999390915036 0.035555556416511536 0.029999999329447746 0.06222222372889519
0 0.1599999964237213 0.09111111331731081 0.04499999899417162 0.07555555738508701
0 0.052499998826533556 0.12666666973382235 0.04999999888241291 0.06666666828095913
0 0.20749999536201358 0.057777779176831245 0.029999999329447746 0.06222222372889519
0 0.789999982342124 0.04444444552063942 0.03999999910593033 0.08000000193715096
1 0.2312499948311597 0.12444444745779037 0.03749999916180968 0.08000000193715096
