0 0.2312499948311597 0.3409090905915946 0.05749999871477485 0.10606060596182942
0 0.3024999932385981 0.26010100985877216 0.07499999832361937 0.14646464632824063
0 0.40874999086372554 0.3661616158206016 0.06749999849125743 0.14646464632824063
0 0.356249992037192 0.666666666045785 0.06249999860301614 0.14141414128243923
0 0.46874998952262104 0.23484848462976515 0.047499998938292265 0.12626262614503503
0 0.5337499880697578 0.19949494930915534 0.047499998938292265 0.11616161605343223
0 0.48124998924322426 0.8737373729236424 0.06249999860301614 0.13131313119083643
0 0.7349999835714698 0.25252525229007006 0.07499999832361937 0.16161616146564484
0 0.9049999797716737 0.07575757568702102 0.07499999832361937 0.14141414128243923
0 0.9699999783188105 0.11868686857633293 0.05999999865889549 0.16666666651144624
