0 0.2024999954737723 0.29227941285353154 0.04499999899417162 0.06250000023283064
0 0.3199999928474426 0.29044117755256593 0.04499999899417162 0.06617647083476186
0 0.4349999902769923 0.31617647176608443 0.0549999987706542 0.07352941203862429
0 0.10249999770894647 0.2794117657467723 0.024999999441206455 0.04411764722317457
0 0.31499999295920134 0.22610294201876968 0.029999999329447746 0.047794117825105786
0 0.24499999452382326 0.23529411852359772 0.019999999552965164 0.03676470601931214
0 0.4049999909475446 0.2610294127371162 0.04499999899417162 0.07352941203862429
0 0.8599999807775021 0.2886029422516003 0.04499999899417162 0.06250000023283064
0 0.7037499842699617 0.24448529502842575 0.042499999050050974 0.06250000023283064
0 0.6012499865610152 0.2555147068342194 0.042499999050050974 0.06250000023283064
1 0.7624999829567969 0.26654411864001304 0.03499999921768904 0.08455882384441793
0 0.8987499799113721 0.22426470671780407 0.0274999993853271 0.051470588427037
0 0.10374999768100679 0.3308823541738093 0.01749999960884452 0.05882352963089943
