0 0.0824999981559813 0.24719101376831532 0.03499999921768904 0.05992509424686432
0 0.17249999614432454 0.25280899135395885 0.03999999910593033 0.07116104941815138
1 0.22374999499879777 0.20037453388795257 0.0274999993853271 0.04119850229471922
1 0.25499999430030584 0.15917603159323335 0.03999999910593033 0.0561797758564353
1 0.35499999206513166 0.19662921549752355 0.04499999899417162 0.06367041263729334
0 0.5037499887403101 0.23782771779224277 0.052499998826533556 0.0936329597607255
2 0.5362499880138785 0.18164794193580747 0.02249999949708581 0.0561797758564353
1 0.5987499866168946 0.17977528274059296 0.042499999050050974 0.06741573102772236
2 0.6599999852478504 0.1685393275693059 0.04499999899417162 0.06741573102772236
0 0.8237499815877527 0.1479400764219463 0.05749999871477485 0.10112359654158354
0 0.751249983208254 0.12734082527458668 0.0274999993853271 0.04494382068514824
0 0.7199999839067459 0.19662921549752355 0.024999999441206455 0.04119850229471922
1 0.05999999865889549 0.1685393275693059 0.029999999329447746 0.05243445746600628
