0 0.0549999987706542 0.02564102574251592 0.0549999987706542 0.043956044130027294
0 0.32624999270774424 0.0641025643562898 0.052499998826533556 0.07692307722754776
0 0.2587499942164868 0.17399267468135804 0.052499998826533556 0.08424908458255231
1 0.42499999050050974 0.06776556803379208 0.04499999899417162 0.06959706987254322
0 0.3474999922327697 0.19047619123011827 0.06499999854713678 0.10989011032506824
0 0.06499999854713678 0.6996337024029344 0.11999999731779099 0.30769230891019106
1 0.592499986756593 0.21062271145638078 0.03499999921768904 0.06959706987254322
1 0.553749987622723 0.2655677666189149 0.05749999871477485 0.08424908458255231
0 0.49624998890794814 0.42124542291276157 0.07249999837949872 0.11721611768007278
0 0.6899999845772982 0.14102564158383757 0.0549999987706542 0.09890109929256141
0 0.8299999814480543 0.19963370042387396 0.04499999899417162 0.08424908458255231
0 0.7812499825377017 0.47985348175279796 0.07249999837949872 0.10256410297006369
0 0.9362499790731817 0.35531135671772063 0.05749999871477485 0.08058608090505004
