0 0.38624999136663973 0.4688889002427459 0.05749999871477485 0.12000000290572643
0 0.3837499914225191 0.2622222285717726 0.07749999826774001 0.07111111283302307
0 0.6474999855272472 0.6777777941897511 0.05999999865889549 0.15555555932223797
0 0.5799999870359898 0.533333346247673 0.03999999910593033 0.13333333656191826
0 0.6974999844096601 0.26444445084780455 0.024999999441206455 0.04888889007270336
2 0.26624999404884875 0.2444444503635168 0.03249999927356839 0.0533333346247673
1 0.08499999810010195 0.24000000581145287 0.019999999552965164 0.035555556416511536
1 0.5099999886006117 0.22000000532716513 0.024999999441206455 0.057777779176831245
1 0.754999983124435 0.20222222711890936 0.019999999552965164 0.057777779176831245
1 0.5787499870639294 0.4000000096857548 0.03749999916180968 0.06222222372889519
0 0.8937499800231308 0.3444444527849555 0.0274999993853271 0.04000000096857548
1 0.9362499790731817 0.3733333423733711 0.03749999916180968 0.07111111283302307
1 0.941249978961423 0.49555556755512953 0.0274999993853271 0.10222222469747066
1 0.9674999783746898 0.36444445326924324 0.029999999329447746 0.0533333346247673
