0 0.1099999975413084 0.5898058307357132 0.07999999821186066 0.17961165215820074
0 0.06999999843537807 0.27184466272592545 0.06499999854713678 0.14563106931746006
0 0.13874999689869583 0.12378640891984105 0.05749999871477485 0.15048543829470873
0 0.22749999491497874 0.5169902960769832 0.06499999854713678 0.1699029142037034
0 0.16749999625608325 0.41262136306613684 0.0549999987706542 0.13592233136296272
0 0.3349999925121665 0.5995145686902106 0.05999999865889549 0.19902912806719542
0 0.274999993853271 0.9393203970976174 0.09499999787658453 0.12135922443121672
0 0.42999999038875103 0.9029126297682524 0.1099999975413084 0.19417475908994675
0 0.4224999905563891 0.36407767329365015 0.06999999843537807 0.17475728318095207
0 0.34374999231658876 0.2475728178396821 0.06249999860301614 0.14563106931746006
0 0.5474999877624214 0.3834951492026448 0.05999999865889549 0.14563106931746006
0 0.5812499870080501 0.7888349588029087 0.0824999981559813 0.16019417624920607
0 0.631249985890463 0.5898058307357132 0.06249999860301614 0.17961165215820074
0 0.6074999864213169 0.33009709045290947 0.06499999854713678 0.16504854522645473
0 0.6649999851360917 0.13106796238571405 0.0549999987706542 0.13592233136296272
1 0.5387499879579991 0.09708737954497337 0.047499998938292265 0.09708737954497337
0 0.7687499828170985 0.4223301010206342 0.05749999871477485 0.14563106931746006
0 0.8099999818950891 0.6844660257920623 0.08999999798834324 0.20388349704444408
0 0.8612499807495624 0.6553398119285703 0.05749999871477485 0.1553398072719574
0 0.9674999783746898 0.4611650528386235 0.06999999843537807 0.1844660211354494
0 0.9287499792408198 0.20631068153306842 0.06249999860301614 0.15048543829470873
0 0.9462499788496643 0.06067961221560836 0.052499998826533556 0.0922330105677247
0 0.8512499809730798 0.3665048577822745 0.06749999849125743 0.1407767003402114
0 0.9762499781791121 0.893203891813755 0.047499998938292265 0.21359223499894142
