0 0.07249999837949872 0.21238937973976135 0.05999999865889549 0.09734513238072395
0 0.19374999566935003 0.13053097296506166 0.047499998938292265 0.07522123865783215
0 0.3074999931268394 0.17699114978313446 0.04499999899417162 0.07079645991325378
0 0.3962499911431223 0.18584070727229118 0.05749999871477485 0.09734513238072395
0 0.5374999879859388 0.1261061942204833 0.03999999910593033 0.07522123865783215
0 0.6112499863374978 0.15486725606024265 0.03249999927356839 0.07079645991325378
0 0.6862499846611172 0.1482300879433751 0.03749999916180968 0.0575221236795187
0 0.7362499835435301 0.13495575170964003 0.03749999916180968 0.07522123865783215
0 0.8424999811686575 0.17920353915542364 0.0549999987706542 0.09292035363614559
0 0.9149999795481563 0.15929203480482101 0.04499999899417162 0.07964601740241051
