1 0.12499999720603228 0.3047619163990021 0.06499999854713678 0.1333333384245634
1 0.18874999578110874 0.42857144493609667 0.06249999860301614 0.10476190876215696
1 0.19374999566935003 0.6023809753824025 0.06749999849125743 0.13809524336829782
1 0.24999999441206455 0.27619048673659563 0.05999999865889549 0.1333333384245634
1 0.33749999245628715 0.5523809734731913 0.07499999832361937 0.16190476808696985
0 0.44749998999759555 0.5833333556074649 0.08999999798834324 0.1952381026931107
1 0.5424999878741801 0.3095238213427365 0.0549999987706542 0.1333333384245634
1 0.6087499863933772 0.6690476445946842 0.0824999981559813 0.15714286314323545
1 0.6224999860860407 0.5000000190921128 0.06499999854713678 0.1333333384245634
0 0.8849999802187085 0.6452381198760122 0.07999999821186066 0.1857142928056419
1 0.9624999784864485 0.35952382325194776 0.0549999987706542 0.11904762359336019
1 0.6949999844655395 0.15714286314323545 0.0549999987706542 0.10476190876215696
1 0.8812499803025275 0.20714286505244672 0.042499999050050974 0.08095238404348493
1 0.48499998915940523 0.28095239168033004 0.0549999987706542 0.09523809887468815
