0 0.19624999561347067 0.4491150425747037 0.07749999826774001 0.14601769857108593
1 0.39249999122694135 0.6150442454963923 0.13999999687075615 0.29203539714217186
0 0.09249999793246388 0.342920352704823 0.05999999865889549 0.11946902610361576
2 0.16749999625608325 0.17920353915542364 0.04499999899417162 0.10176991112530231
1 0.22249999502673745 0.3318584058433771 0.0549999987706542 0.08849557489156723
0 0.28374999365769327 0.26106194593012333 0.052499998826533556 0.07964601740241051
0 0.3499999921768904 0.2411504415795207 0.05999999865889549 0.08407079614698887
0 0.4274999904446304 0.2876106183975935 0.04999999888241291 0.07964601740241051
0 0.4737499894108623 0.3584070783108473 0.05749999871477485 0.10619468986988068
0 0.5487499877344817 0.3694690251722932 0.06749999849125743 0.08407079614698887
1 0.46499998960644007 0.1725663710385561 0.03499999921768904 0.07079645991325378
0 0.38124999147839844 0.09955752175301313 0.02249999949708581 0.039823008701205254
0 0.4674999895505607 0.08407079614698887 0.024999999441206455 0.044247787445783615
0 0.6762499848846346 0.4579646000638604 0.09249999793246388 0.15486725606024265
0 0.1312499970663339 0.2057522116228938 0.03749999916180968 0.08407079614698887
0 0.26749999402090907 0.183628317900002 0.04499999899417162 0.06637168116867542
0 0.5774999870918691 0.05973451305180788 0.014999999664723873 0.03097345121204853
0 0.7987499821465462 0.9026548638939857 0.06749999849125743 0.18584070727229118
0 0.8412499811965972 0.5420353962108493 0.0874999980442226 0.1725663710385561
0 0.8262499815318733 0.2898230077698827 0.06749999849125743 0.10176991112530231
0 0.8187499816995114 0.4269911488518119 0.03749999916180968 0.09292035363614559
0 0.7787499825935811 0.21017699036747217 0.042499999050050974 0.10176991112530231
0 0.871249980526045 0.17477876041084528 0.03249999927356839 0.06637168116867542
