0 0.12124999728985131 0.6142322160303593 0.07249999837949872 0.08239700458943844
0 0.2474999944679439 0.5636704177595675 0.05999999865889549 0.07865168619900942
0 0.313749992987141 0.5355805298313498 0.047499998938292265 0.0749063678085804
0 0.38249999145045877 0.8258427050895989 0.07499999832361937 0.10112359654158354
0 0.47499998938292265 0.473782776389271 0.06499999854713678 0.08614232297986746
0 0.7699999827891588 0.46441948041319847 0.07999999821186066 0.10486891493201256
0 0.9349999791011214 0.5355805298313498 0.03999999910593033 0.0749063678085804
0 0.5312499881256372 0.3932584309950471 0.03749999916180968 0.0749063678085804
0 0.6249999860301614 0.3576779062859714 0.024999999441206455 0.06367041263729334
0 0.5624999874271452 0.2640449465252459 0.03499999921768904 0.0561797758564353
0 0.46374998963437974 0.23220974020659924 0.0274999993853271 0.04494382068514824
0 0.16249999636784196 0.44569288846105337 0.03499999921768904 0.06741573102772236
2 0.27124999393709004 0.370786520652473 0.03749999916180968 0.04494382068514824
0 0.14999999664723873 0.36516854306682944 0.024999999441206455 0.04119850229471922
0 0.356249992037192 0.42134831892326474 0.042499999050050974 0.0561797758564353
0 0.313749992987141 0.2621722873300314 0.02249999949708581 0.04494382068514824
0 0.15249999659135938 0.25468165054917336 0.024999999441206455 0.04494382068514824
0 0.20999999530613422 0.3220973815768957 0.024999999441206455 0.0374531839042902
0 0.09624999784864485 0.34456929191946983 0.02249999949708581 0.0374531839042902
0 0.07749999826774001 0.2846441976726055 0.019999999552965164 0.02996254712343216
0 0.2249999949708581 0.21722846664488316 0.019999999552965164 0.02996254712343216
