1 0.10249999770894647 0.2596899215131998 0.06499999854713678 0.10852713137865067
0 0.236249994719401 0.21317829377949238 0.042499999050050974 0.06976744160056114
0 0.2737499938812107 0.21511627826839685 0.03249999927356839 0.05038759671151638
0 0.34249999234452844 0.19379844889044762 0.03499999921768904 0.06201550364494324
0 0.2137499952223152 0.4127906961366534 0.06749999849125743 0.10465116240084171
0 0.313749992987141 0.5310077499598265 0.09749999782070518 0.162790697067976
0 0.39249999122694135 0.20930232480168343 0.024999999441206455 0.04651162773370743
0 0.4162499906960875 0.244186045601964 0.03249999927356839 0.05426356568932533
0 0.4837499891873449 0.3003875957801938 0.047499998938292265 0.10465116240084171
0 0.5487499877344817 0.2189922472462058 0.03249999927356839 0.0736434105783701
0 0.673749984940514 0.43604651000350714 0.0874999980442226 0.13565891422331333
0 0.8812499803025275 0.8662790665403008 0.16249999636784196 0.244186045601964
0 0.7712499827612191 0.284883719868958 0.05749999871477485 0.0891472864896059
