0 0.047499998938292265 0.5930232417304069 0.08499999810010195 0.12292358512058854
0 0.0874999980442226 0.4285714183934033 0.03999999910593033 0.05980066303163767
0 0.12374999723397195 0.39368769829161465 0.0274999993853271 0.04318936774507165
0 0.17249999614432454 0.350498330546543 0.024999999441206455 0.029900331515818834
0 0.023749999469146132 0.3621262372471392 0.02249999949708581 0.02657807245850563
0 0.19874999555759132 0.4302325479220599 0.03749999916180968 0.04318936774507165
0 0.236249994719401 0.3621262372471392 0.0274999993853271 0.039867108687758446
0 0.28749999357387424 0.529900319641456 0.1149999974295497 0.162790693808347
0 0.2924999934621155 0.3554817191325128 0.024999999441206455 0.02657807245850563
0 0.3787499915342778 0.3687707553617656 0.01749999960884452 0.019933554343879223
0 0.4012499910313636 0.39202656876295805 0.0274999993853271 0.03322259057313204
0 0.4437499900814146 0.4551494908519089 0.042499999050050974 0.05980066303163767
0 0.5437499878462404 0.4451827136799693 0.06249999860301614 0.0863787354901433
0 0.5087499886285514 0.40199334593489766 0.02249999949708581 0.04651162680238485
0 0.4462499900255352 0.38372092111967504 0.01749999960884452 0.023255813401192427
0 0.5862499868962914 0.3538205896038562 0.0274999993853271 0.029900331515818834
0 0.7024999842979014 0.39534882782027125 0.024999999441206455 0.02657807245850563
0 0.7012499843258411 0.3471760714892298 0.01749999960884452 0.023255813401192427
0 0.747499983292073 0.4418604546226561 0.024999999441206455 0.03322259057313204
0 0.7287499837111682 0.3637873667757958 0.01749999960884452 0.01661129528656602
0 0.7774999826215208 0.40033221640624106 0.019999999552965164 0.029900331515818834
0 0.8262499815318733 0.4468438432086259 0.047499998938292265 0.06312292208895087
0 0.8924999800510705 0.40199334593489766 0.024999999441206455 0.03322259057313204
0 0.9887499778997153 0.46179400896653533 0.02249999949708581 0.06644518114626408
0 0.9624999784864485 0.38870430970564485 0.029999999329447746 0.03322259057313204
1 0.5449999878183007 0.3521594600751996 0.014999999664723873 0.019933554343879223
