0 0.026249999413266778 0.16444444842636585 0.042499999050050974 0.08000000193715096
0 0.08499999810010195 0.21111111622303724 0.0549999987706542 0.10222222469747066
1 0.10124999773688614 0.36222223099321127 0.052499998826533556 0.09333333559334278
0 0.04874999891035259 0.8577777985483408 0.07749999826774001 0.14222222566604614
0 0.2624999941326678 0.10888889152556658 0.05999999865889549 0.0844444464892149
0 0.27624999382533133 0.38666667602956295 0.05749999871477485 0.11555555835366249
2 0.16874999622814357 0.6533333491533995 0.05749999871477485 0.13333333656191826
0 0.1262499971780926 0.7444444624707103 0.07249999837949872 0.1377777811139822
0 0.3787499915342778 0.915555577725172 0.06749999849125743 0.13333333656191826
0 0.4887499890755862 0.10888889152556658 0.06749999849125743 0.10222222469747066
0 0.5012499887961894 0.3000000072643161 0.06249999860301614 0.11111111380159855
0 0.518749988405034 0.6977777946740389 0.05749999871477485 0.09777778014540672
0 0.5699999872595072 0.7933333525434136 0.07499999832361937 0.12888889200985432
0 0.6624999851919711 0.1066666692495346 0.05999999865889549 0.09777778014540672
0 0.6424999856390059 0.38000000920146704 0.0549999987706542 0.11111111380159855
0 0.7499999832361937 0.1066666692495346 0.06999999843537807 0.12444444745779037
0 0.8262499815318733 0.035555556416511536 0.052499998826533556 0.06222222372889519
0 0.8962499799672514 0.20222222711890936 0.06749999849125743 0.10222222469747066
0 0.9324999791570008 0.5711111249402165 0.07499999832361937 0.11111111380159855
