0 0.34874999220483005 0.22000000532716513 0.10749999759718776 0.16666667070239782
0 0.4987499888520688 0.28666667360812426 0.042499999050050974 0.06666666828095913
0 0.4712499894667417 0.4683333446737379 0.07249999837949872 0.10333333583548665
0 0.557499987538904 0.458333344431594 0.06999999843537807 0.09000000217929482
0 0.5337499880697578 0.6616666826885194 0.09749999782070518 0.11666666949167848
2 0.7674999828450382 0.538333346368745 0.09999999776482582 0.11666666949167848
1 0.5799999870359898 0.306666674092412 0.029999999329447746 0.04000000096857548
1 0.40874999086372554 0.31000000750645995 0.042499999050050974 0.06666666828095913
1 0.10124999773688614 0.24333333922550082 0.042499999050050974 0.1066666692495346
1 0.9812499780673534 0.2833333401940763 0.03749999916180968 0.0533333346247673
