0 0.011249999748542905 0.35555556416511536 0.01749999960884452 0.02666666731238365
0 0.11749999737367034 0.38000000920146704 0.019999999552965164 0.031111111864447594
0 0.03624999918974936 0.45555556658655405 0.03749999916180968 0.06666666828095913
0 0.09749999782070518 0.5444444576278329 0.029999999329447746 0.06666666828095913
0 0.2087499953340739 0.4444444552063942 0.052499998826533556 0.09777778014540672
0 0.2312499948311597 0.3733333423733711 0.02249999949708581 0.0533333346247673
0 0.25999999418854713 0.3444444527849555 0.019999999552965164 0.04000000096857548
0 0.32624999270774424 0.3600000087171793 0.012499999720603228 0.02666666731238365
0 0.3012499932665378 0.39555556513369083 0.01749999960884452 0.035555556416511536
0 0.3224999927915633 0.4755555670708418 0.03499999921768904 0.07111111283302307
0 0.35499999206513166 0.44000001065433025 0.019999999552965164 0.0533333346247673
0 0.4012499910313636 0.4533333443105221 0.05749999871477485 0.09777778014540672
0 0.4549999898299575 0.6311111263930798 0.06499999854713678 0.13333333656191826
2 0.4462499900255352 0.384444453753531 0.012499999720603228 0.02222222276031971
0 0.5974999866448343 0.4733333447948098 0.024999999441206455 0.06666666828095913
0 0.6449999855831265 0.40888889878988266 0.019999999552965164 0.04444444552063942
0 0.6899999845772982 0.5022222343832254 0.03499999921768904 0.07111111283302307
0 0.8499999810010195 0.6511111268773675 0.1599999964237213 0.306666674092412
0 0.9424999789334834 0.7444444624707103 0.05999999865889549 0.12888889200985432
