0 0.06499999854713678 0.24000000581145287 0.1149999974295497 0.2222222276031971
0 0.3412499923724681 0.38000000920146704 0.07749999826774001 0.15555555932223797
0 0.4274999904446304 0.2222222276031971 0.03499999921768904 0.08888889104127884
0 0.5212499883491546 0.24222222808748484 0.06749999849125743 0.1377777811139822
0 0.8987499799113721 0.2666666731238365 0.03749999916180968 0.07111111283302307
1 0.9637499784585088 0.27777778450399637 0.03249999927356839 0.07555555738508701
1 0.7837499824818224 0.24666667263954878 0.042499999050050974 0.0844444464892149
1 0.7212499838788062 0.2377777835354209 0.03749999916180968 0.0844444464892149
1 0.6437499856110662 0.24222222808748484 0.042499999050050974 0.11111111380159855
1 0.21499999519437551 0.25777778401970863 0.0549999987706542 0.09777778014540672
1 0.15749999647960067 0.2511111171916127 0.024999999441206455 0.04888889007270336
