1 0.15124999661929905 0.844444464892149 0.11749999737367034 0.2133333384990692
1 0.0662499985191971 0.5911111254245043 0.10249999770894647 0.14222222566604614
0 0.04624999896623194 0.3911111205816269 0.0824999981559813 0.09777778014540672
0 0.1424999968148768 0.3733333423733711 0.08999999798834324 0.1688888929784298
0 0.20999999530613422 0.34888889733701944 0.03999999910593033 0.0844444464892149
1 0.27624999382533133 0.4155555656179786 0.09249999793246388 0.17333333753049374
0 0.3462499922607094 0.6822222387418151 0.11249999748542905 0.1911111157387495
0 0.4449999900534749 0.6511111268773675 0.08499999810010195 0.14666667021811008
0 0.588749986840412 0.6422222377732396 0.1324999970383942 0.22666667215526104
0 0.4987499888520688 0.44666667748242617 0.042499999050050974 0.14666667021811008
1 0.35999999195337296 0.36444445326924324 0.06499999854713678 0.13333333656191826
2 0.4549999898299575 0.3155555631965399 0.06999999843537807 0.12444444745779037
1 0.5837499869521707 0.2844444513320923 0.06249999860301614 0.11555555835366249
1 0.21249999525025487 0.18666667118668556 0.0549999987706542 0.09777778014540672
0 0.1749999960884452 0.2066666716709733 0.03499999921768904 0.0844444464892149
0 0.12374999723397195 0.14000000339001417 0.042499999050050974 0.07555555738508701
0 0.03124999930150807 0.21111111622303724 0.05749999871477485 0.12000000290572643
2 0.07499999832361937 0.20222222711890936 0.03499999921768904 0.07555555738508701
0 0.19624999561347067 0.04666666779667139 0.0274999993853271 0.04888889007270336
0 0.24624999449588358 0.1222222251817584 0.02249999949708581 0.04888889007270336
0 0.2649999940767884 0.19333333801478148 0.04499999899417162 0.0844444464892149
0 0.4124999907799065 0.3222222300246358 0.03999999910593033 0.10222222469747066
0 0.38124999147839844 0.21777778305113316 0.03749999916180968 0.06222222372889519
0 0.3362499924842268 0.16666667070239782 0.03749999916180968 0.057777779176831245
0 0.3787499915342778 0.15777778159826994 0.042499999050050974 0.057777779176831245
0 0.3349999925121665 0.057777779176831245 0.024999999441206455 0.0533333346247673
0 0.29374999343417585 0.06444444600492716 0.012499999720603228 0.04000000096857548
0 0.3962499911431223 0.08222222421318293 0.02249999949708581 0.04888889007270336
0 0.4124999907799065 0.11777778062969446 0.029999999329447746 0.04888889007270336
1 0.48124998924322426 0.12666666973382235 0.03749999916180968 0.07555555738508701
0 0.5137499885167927 0.21111111622303724 0.042499999050050974 0.09333333559334278
0 0.5062499886844307 0.2822222290560603 0.042499999050050974 0.0844444464892149
0 0.518749988405034 0.0533333346247673 0.012499999720603228 0.0533333346247673
0 0.5799999870359898 0.06222222372889519 0.019999999552965164 0.04444444552063942
0 0.6387499857228249 0.04444444552063942 0.0274999993853271 0.0533333346247673
2 0.6574999853037298 0.17111111525446177 0.04499999899417162 0.07555555738508701
1 0.627499985974282 0.27333333995193243 0.024999999441206455 0.09333333559334278
0 0.6812499847728759 0.38000000920146704 0.06249999860301614 0.10222222469747066
0 0.6887499846052378 0.18222222663462162 0.0274999993853271 0.07111111283302307
1 0.6999999843537807 0.06222222372889519 0.019999999552965164 0.04444444552063942
0 0.6837499847169966 0.5266666794195771 0.0274999993853271 0.07555555738508701
0 0.7499999832361937 0.5800000140443444 0.07999999821186066 0.17333333753049374
0 0.8187499816995114 0.7777777966111898 0.12249999726191163 0.24888889491558075
0 0.8499999810010195 0.2844444513320923 0.05999999865889549 0.11555555835366249
1 0.9574999785982072 0.3222222300246358 0.024999999441206455 0.10222222469747066
0 0.8974999799393117 0.26444445084780455 0.03499999921768904 0.10222222469747066
0 0.7412499834317714 0.36222223099321127 0.052499998826533556 0.07555555738508701
0 0.7987499821465462 0.21555556077510118 0.047499998938292265 0.0844444464892149
0 0.782499982509762 0.11555555835366249 0.04499999899417162 0.08888889104127884
2 0.8299999814480543 0.09111111331731081 0.029999999329447746 0.0844444464892149
0 0.9149999795481563 0.1311111142858863 0.019999999552965164 0.057777779176831245
