0 0.11124999751336873 0.565543076954782 0.11249999748542905 0.17228464595973492
0 0.20624999538995326 0.8183520683087409 0.12249999726191163 0.19850187469273806
0 0.317499992903322 0.47565543558448553 0.06499999854713678 0.10486891493201256
0 0.23999999463558197 0.47940075397491455 0.04999999888241291 0.06741573102772236
0 0.3062499931547791 0.34831461030989885 0.047499998938292265 0.0749063678085804
0 0.41999999061226845 0.3801498166285455 0.04499999899417162 0.0936329597607255
0 0.38249999145045877 0.34644195111468434 0.029999999329447746 0.04868913907557726
0 0.47999998927116394 0.5018726643174887 0.06999999843537807 0.11985018849372864
0 0.6237499860581011 0.3932584309950471 0.06749999849125743 0.11985018849372864
0 0.7749999826774001 0.35018726950511336 0.04999999888241291 0.0936329597607255
0 0.7637499829288572 0.6011236016638577 0.09249999793246388 0.13857678044587374
0 0.8612499807495624 0.8876404585316777 0.14749999670311809 0.20224719308316708
0 0.8924999800510705 0.3801498166285455 0.03999999910593033 0.07116104941815138
0 0.9537499786820263 0.45692884363234043 0.047499998938292265 0.06741573102772236
0 0.9612499785143882 0.7134831533767283 0.0824999981559813 0.21348314825445414
0 0.6887499846052378 0.42134831892326474 0.042499999050050974 0.07116104941815138
0 0.9562499786261469 0.3558052470907569 0.03749999916180968 0.04494382068514824
