0 0.047499998938292265 0.26907629519701004 0.04999999888241291 0.09638553857803345
0 0.1099999975413084 0.24899597465991974 0.05999999865889549 0.09638553857803345
0 0.27749999379739165 0.15060240402817726 0.04499999899417162 0.09236947447061539
0 0.23999999463558197 0.3453815132379532 0.04499999899417162 0.10441766679286957
0 0.317499992903322 0.30321284011006355 0.04999999888241291 0.10040160268545151
0 0.39874999108724296 0.3132530003786087 0.05749999871477485 0.10441766679286957
0 0.44874998996965587 0.23493975028395653 0.05749999871477485 0.09236947447061539
0 0.5137499885167927 0.2871485836803913 0.05749999871477485 0.10040160268545151
0 0.5724999872036278 0.2530120387673378 0.05999999865889549 0.10441766679286957
0 0.6949999844655395 0.2811244875192642 0.04999999888241291 0.08835341036319733
0 0.7487499832641333 0.28915661573410034 0.042499999050050974 0.10441766679286957
0 0.8399999812245369 0.2530120387673378 0.06499999854713678 0.11244979500770569
0 0.944999978877604 0.24096384644508362 0.05999999865889549 0.10441766679286957
0 0.34374999231658876 0.20080320537090302 0.052499998826533556 0.08835341036319733
0 0.991249977843836 0.3855421543121338 0.02249999949708581 0.0803212821483612
