0 0.07499999832361937 0.07116104941815138 0.024999999441206455 0.04494382068514824
0 0.14999999664723873 0.0561797758564353 0.024999999441206455 0.0374531839042902
0 0.3124999930150807 0.08801498217508197 0.024999999441206455 0.0561797758564353
0 0.43124999036081135 0.03370786551386118 0.0274999993853271 0.04494382068514824
0 0.06874999846331775 0.2059925114735961 0.03249999927356839 0.05243445746600628
0 0.1487499966751784 0.17228464595973492 0.03249999927356839 0.04494382068514824
0 0.28249999368563294 0.16479400917887688 0.029999999329447746 0.05243445746600628
0 0.30499999318271875 0.23220974020659924 0.029999999329447746 0.04494382068514824
0 0.24374999455176294 0.31086142640560865 0.03249999927356839 0.04494382068514824
0 0.08124999818392098 0.2958801528438926 0.03749999916180968 0.05243445746600628
0 0.03749999916180968 0.36516854306682944 0.03499999921768904 0.0561797758564353
0 0.10749999759718776 0.4157303413376212 0.03499999921768904 0.04494382068514824
0 0.10499999765306711 0.4868913907557726 0.029999999329447746 0.05992509424686432
0 0.16624999628402293 0.5187265970744193 0.03249999927356839 0.0561797758564353
0 0.1749999960884452 0.6011236016638577 0.04499999899417162 0.06367041263729334
0 0.12749999715015292 0.8014981355518103 0.04499999899417162 0.05992509424686432
0 0.15249999659135938 0.9269663016311824 0.04499999899417162 0.07116104941815138
0 0.25499999430030584 0.8745318441651762 0.04499999899417162 0.0561797758564353
0 0.3299999926239252 0.5056179827079177 0.03999999910593033 0.05243445746600628
0 0.3499999921768904 0.3614232246764004 0.029999999329447746 0.04868913907557726
0 0.3799999915063381 0.8220973866991699 0.04499999899417162 0.07116104941815138
0 0.4437499900814146 0.565543076954782 0.03749999916180968 0.06741573102772236
0 0.5037499887403101 0.10299625573679805 0.0274999993853271 0.03370786551386118
0 0.5274999882094562 0.16104869078844786 0.029999999329447746 0.04494382068514824
0 0.5912499867845327 0.11610487010329962 0.0274999993853271 0.04494382068514824
0 0.5649999873712659 0.2059925114735961 0.029999999329447746 0.04494382068514824
0 0.6612499852199107 0.19475655630230904 0.03249999927356839 0.04494382068514824
0 0.634999985806644 0.25468165054917336 0.03499999921768904 0.05992509424686432
0 0.5999999865889549 0.40636704536154866 0.03499999921768904 0.0561797758564353
0 0.5524999876506627 0.49625468673184514 0.03499999921768904 0.06367041263729334
0 0.7187499839346856 0.7958801579661667 0.042499999050050974 0.07116104941815138
0 0.7724999827332795 0.3801498166285455 0.03499999921768904 0.06367041263729334
0 0.8012499820906669 0.5505618033930659 0.03749999916180968 0.05992509424686432
0 0.789999982342124 0.04868913907557726 0.029999999329447746 0.0374531839042902
0 0.8162499817553908 0.02996254712343216 0.02249999949708581 0.04494382068514824
1 0.9274999792687595 0.06554307183250785 0.024999999441206455 0.04868913907557726
0 0.8412499811965972 0.11985018849372864 0.03249999927356839 0.0374531839042902
0 0.9587499785702676 0.3539325878955424 0.03749999916180968 0.04119850229471922
0 0.8999999798834324 0.49625468673184514 0.03499999921768904 0.0561797758564353
0 0.9237499793525785 0.6891385838389397 0.03249999927356839 0.05992509424686432
0 0.9549999786540866 0.741573041304946 0.04999999888241291 0.05243445746600628
