0 0.0712499984074384 0.919921875 0.10749999759718776 0.16015625
0 0.19499999564141035 0.798828125 0.06999999843537807 0.11328125
0 0.30499999318271875 0.744140625 0.12999999709427357 0.23046875
0 0.49624998890794814 0.6171875 0.07749999826774001 0.1640625
0 0.3224999927915633 0.244140625 0.04499999899417162 0.07421875
0 0.4012499910313636 0.115234375 0.03749999916180968 0.05859375
0 0.42499999050050974 0.25 0.03499999921768904 0.0703125
0 0.4999999888241291 0.142578125 0.029999999329447746 0.04296875
0 0.5937499867286533 0.15625 0.03749999916180968 0.0625
0 0.5662499873433262 0.376953125 0.03749999916180968 0.06640625
0 0.6937499844934791 0.564453125 0.10249999770894647 0.16015625
0 0.7574999830685556 0.1953125 0.03499999921768904 0.0546875
1 0.8487499810289592 0.345703125 0.03749999916180968 0.05859375
1 0.666249985108152 0.203125 0.03749999916180968 0.0625
1 0.44874998996965587 0.458984375 0.047499998938292265 0.07421875
