0 0.08874999801628292 0.33146067755296826 0.03749999916180968 0.07865168619900942
0 0.41999999061226845 0.279026220086962 0.03999999910593033 0.06367041263729334
0 0.4499999899417162 0.15917603159323335 0.029999999329447746 0.07116104941815138
0 0.5224999883212149 0.1853932603262365 0.03499999921768904 0.07116104941815138
1 0.6062499864492565 0.1853932603262365 0.0274999993853271 0.06367041263729334
2 0.6437499856110662 0.2059925114735961 0.042499999050050974 0.08239700458943844
0 0.7612499829847366 0.17228464595973492 0.03249999927356839 0.05992509424686432
0 0.8487499810289592 0.2265917626209557 0.03249999927356839 0.07116104941815138
0 0.9512499787379056 0.2059925114735961 0.0274999993853271 0.05992509424686432
2 0.9824999780394137 0.20224719308316708 0.03499999921768904 0.0749063678085804
