0 0.12999999709427357 0.21082089061383158 0.03999999910593033 0.07089552073739469
0 0.2474999944679439 0.22388059180229902 0.04999999888241291 0.07462686393409967
0 0.3399999924004078 0.24440297938417643 0.03999999910593033 0.055970147950574756
0 0.433749990304932 0.12686566868796945 0.05749999871477485 0.09701492311432958
0 0.4887499890755862 0.17350745864678174 0.03249999927356839 0.04850746155716479
0 0.5624999874271452 0.1828358166385442 0.04999999888241291 0.07462686393409967
0 0.6324999858625233 0.37313431967049837 0.04499999899417162 0.07462686393409967
0 0.6874999846331775 0.15671641426160932 0.04999999888241291 0.07462686393409967
0 0.7712499827612191 0.21455223381053656 0.047499998938292265 0.07835820713080466
0 0.8387499812524766 0.23320894979406148 0.03249999927356839 0.055970147950574756
0 0.8812499803025275 0.23507462139241397 0.042499999050050974 0.05970149114727974
0 0.9049999797716737 0.1847014882368967 0.024999999441206455 0.04104477516375482
0 0.9749999782070518 0.1604477574583143 0.04999999888241291 0.08208955032750964
