0 0.13624999695457518 0.4623893788084388 0.10749999759718776 0.19911504350602627
0 0.18374999589286745 0.3584070783108473 0.07249999837949872 0.1504424773156643
0 0.11374999745748937 0.22345132660120726 0.047499998938292265 0.09292035363614559
0 0.3287499926518649 0.4469026532024145 0.15249999659135938 0.2743362821638584
0 0.197499995585531 0.1725663710385561 0.04999999888241291 0.08849557489156723
0 0.6099999863654375 0.4823008831590414 0.10499999765306711 0.15929203480482101
0 0.634999985806644 0.17699114978313446 0.06999999843537807 0.10619468986988068
0 0.754999983124435 0.3230088483542204 0.07999999821186066 0.1504424773156643
0 0.9599999785423279 0.22345132660120726 0.06999999843537807 0.12831858359277248
0 0.021249999525025487 0.2544247778132558 0.03749999916180968 0.11061946861445904
