2 0.11999999731779099 0.44247787445783615 0.13999999687075615 0.25663716718554497
0 0.433749990304932 0.6305309711024165 0.11749999737367034 0.2522123884409666
0 0.5387499879579991 0.7544247759506106 0.07249999837949872 0.19026548601686954
0 0.6649999851360917 0.7920353952795267 0.12499999720603228 0.2300884947180748
0 0.8174999817274511 0.7190265459939837 0.08999999798834324 0.19911504350602627
0 0.6562499853316694 0.367256635800004 0.06249999860301614 0.14159291982650757
0 0.7224999838508666 0.32522123772650957 0.06499999854713678 0.11946902610361576
0 0.5124999885447323 0.2654867246747017 0.04499999899417162 0.10619468986988068
0 0.5599999874830246 0.20353982225060463 0.04999999888241291 0.09734513238072395
0 0.4774999893270433 0.3362831845879555 0.06499999854713678 0.09734513238072395
0 0.5999999865889549 0.08185840677469969 0.03999999910593033 0.06637168116867542
0 0.6837499847169966 0.05530973430722952 0.03749999916180968 0.0575221236795187
0 0.5362499880138785 0.06637168116867542 0.03749999916180968 0.06194690242409706
