0 0.8449999811127782 0.4475655476562679 0.1099999975413084 0.10861423332244158
0 0.6812499847728759 0.34644195111468434 0.07249999837949872 0.1310861436650157
0 0.6162499862257391 0.3352059959433973 0.07249999837949872 0.11610487010329962
0 0.5449999878183007 0.29400749364867806 0.06999999843537807 0.10861423332244158
0 0.4387499901931733 0.2996254712343216 0.06249999860301614 0.10486891493201256
0 0.39749999111518264 0.282771538477391 0.03499999921768904 0.10112359654158354
0 0.3624999918974936 0.29400749364867806 0.03499999921768904 0.08614232297986746
0 0.3074999931268394 0.2059925114735961 0.0549999987706542 0.08988764137029648
0 0.2624999941326678 0.25093633215874434 0.0549999987706542 0.08239700458943844
0 0.12124999728985131 0.2677902649156749 0.03249999927356839 0.0561797758564353
0 0.026249999413266778 0.23595505859702826 0.03749999916180968 0.06741573102772236
