1 0.04874999891035259 0.04000000096857548 0.05749999871477485 0.07333333510905504
0 0.04999999888241291 0.35000000847503543 0.0549999987706542 0.09333333559334278
0 0.24499999452382326 0.2666666731238365 0.05999999865889549 0.08000000193715096
0 0.28374999365769327 0.06833333498798311 0.06249999860301614 0.09000000217929482
1 0.06249999860301614 0.4733333447948098 0.04999999888241291 0.08666666876524687
0 0.023749999469146132 0.8816666880156845 0.042499999050050974 0.1300000031478703
0 0.09749999782070518 0.7850000190082937 0.06999999843537807 0.11666666949167848
2 0.14499999675899744 0.7150000173132867 0.0549999987706542 0.11000000266358256
0 0.24999999441206455 0.4900000118650496 0.0549999987706542 0.09333333559334278
0 0.4937499889638275 0.1383333366829902 0.06249999860301614 0.076666668523103
0 0.48624998913146555 0.2700000065378845 0.06749999849125743 0.09333333559334278
0 0.5037499887403101 0.42333334358409047 0.06249999860301614 0.09333333559334278
0 0.3674999917857349 0.9250000223983079 0.06999999843537807 0.11000000266358256
0 0.5237499882932752 0.7500000181607902 0.07249999837949872 0.09333333559334278
0 0.5774999870918691 0.8250000199768692 0.07499999832361937 0.11000000266358256
0 0.6624999851919711 0.48666667845100164 0.0549999987706542 0.08666666876524687
0 0.6837499847169966 0.26500000641681254 0.06249999860301614 0.09000000217929482
0 0.7774999826215208 0.2600000062957406 0.05999999865889549 0.1000000024214387
0 0.8574999808333814 0.08333333535119891 0.04499999899417162 0.07333333510905504
0 0.9387499790173024 0.34166667493991554 0.06749999849125743 0.08333333535119891
0 0.9687499783467501 0.6400000154972076 0.06249999860301614 0.08666666876524687
