0 0.48124998924322426 0.279026220086962 0.07749999826774001 0.12359550688415766
0 0.0874999980442226 0.4550561844371259 0.04499999899417162 0.06367041263729334
0 0.16124999639578164 0.5112359602935612 0.03749999916180968 0.04868913907557726
0 0.3074999931268394 0.5243445746600628 0.029999999329447746 0.05243445746600628
0 0.23374999477528036 0.5393258482217789 0.02249999949708581 0.04494382068514824
0 0.26749999402090907 0.5711610545404255 0.024999999441206455 0.04119850229471922
0 0.6387499857228249 0.5393258482217789 0.0274999993853271 0.04494382068514824
1 0.6249999860301614 0.6629213551059365 0.019999999552965164 0.0374531839042902
0 0.7737499827053398 0.4157303413376212 0.03749999916180968 0.0749063678085804
0 0.8499999810010195 0.44007491087540984 0.03499999921768904 0.07116104941815138
0 0.9274999792687595 0.30898876721039414 0.05999999865889549 0.12359550688415766
