0 0.34874999220483005 0.7809734484180808 0.11249999748542905 0.207964600995183
0 0.5312499881256372 0.13495575170964003 0.042499999050050974 0.09292035363614559
1 0.7362499835435301 0.1261061942204833 0.06249999860301614 0.10176991112530231
0 0.6337499858345836 0.3805309720337391 0.052499998826533556 0.10619468986988068
1 0.28374999365769327 0.06637168116867542 0.01749999960884452 0.03539822995662689
1 0.3362499924842268 0.07964601740241051 0.01749999960884452 0.03539822995662689
1 0.42499999050050974 0.05088495556265116 0.019999999552965164 0.03097345121204853
0 0.8187499816995114 0.18805309664458036 0.0274999993853271 0.039823008701205254
0 0.6837499847169966 0.06637168116867542 0.02249999949708581 0.044247787445783615
1 0.5912499867845327 0.04867256619036198 0.01749999960884452 0.044247787445783615
1 0.6187499861698598 0.017699114978313446 0.012499999720603228 0.02654867246747017
0 0.3737499916460365 0.11725663673132658 0.02249999949708581 0.04867256619036198
0 0.37124999170191586 0.183628317900002 0.03749999916180968 0.10176991112530231
