1 0.1099999975413084 0.08988764137029648 0.03999999910593033 0.06741573102772236
1 0.17874999600462615 0.21722846664488316 0.047499998938292265 0.06741573102772236
1 0.16874999622814357 0.3764044982381165 0.052499998826533556 0.07865168619900942
0 0.1374999969266355 0.5524344625882804 0.04999999888241291 0.07116104941815138
1 0.4737499894108623 0.15355805400758982 0.042499999050050974 0.06741573102772236
0 0.42999999038875103 0.30711610801517963 0.04999999888241291 0.06741573102772236
0 0.4712499894667417 0.40449438616633415 0.047499998938292265 0.06741573102772236
0 0.4462499900255352 0.5786516913212836 0.052499998826533556 0.07865168619900942
0 0.7424999834038317 0.06554307183250785 0.04499999899417162 0.06367041263729334
0 0.8224999816156924 0.1666666683740914 0.04999999888241291 0.06367041263729334
1 0.8087499819230288 0.29213483445346355 0.042499999050050974 0.05243445746600628
1 0.704999984242022 0.4288389557041228 0.04499999899417162 0.07116104941815138
0 0.7949999822303653 0.6273408303968608 0.04999999888241291 0.04119850229471922
