0 0.11124999751336873 0.4933628300204873 0.07749999826774001 0.19026548601686954
0 0.274999993853271 0.3207964589819312 0.08999999798834324 0.1371681410819292
0 0.08874999801628292 0.22787610534578562 0.047499998938292265 0.08407079614698887
0 0.3287499926518649 0.09513274300843477 0.042499999050050974 0.08407079614698887
0 0.46374998963437974 0.3318584058433771 0.052499998826533556 0.09734513238072395
0 0.5262499882373959 0.2654867246747017 0.03749999916180968 0.08849557489156723
0 0.6249999860301614 0.2787610609084368 0.03499999921768904 0.09734513238072395
0 0.5749999871477485 0.4601769894361496 0.05999999865889549 0.1150442473590374
0 0.6074999864213169 0.6747787585482001 0.05999999865889549 0.12831858359277248
0 0.7662499828729779 0.4358407063409686 0.06749999849125743 0.10176991112530231
0 0.6012499865610152 0.0575221236795187 0.0274999993853271 0.07079645991325378
0 0.8262499815318733 0.13274336233735085 0.03749999916180968 0.044247787445783615
0 0.9599999785423279 0.21017699036747217 0.06999999843537807 0.1371681410819292
0 0.46999998949468136 0.11061946861445904 0.019999999552965164 0.06194690242409706
