0 0.08374999812804163 0.22345132660120726 0.052499998826533556 0.09292035363614559
0 0.16874999622814357 0.28097345028072596 0.042499999050050974 0.08407079614698887
0 0.29999999329447746 0.18584070727229118 0.029999999329447746 0.06194690242409706
0 0.352499992121011 0.26106194593012333 0.0549999987706542 0.10619468986988068
0 0.3674999917857349 0.18584070727229118 0.03499999921768904 0.06194690242409706
0 0.4074999908916652 0.23672566283494234 0.03999999910593033 0.08407079614698887
0 0.4499999899417162 0.4712389362975955 0.0549999987706542 0.09292035363614559
0 0.4774999893270433 0.2300884947180748 0.029999999329447746 0.06194690242409706
0 0.5299999881535769 0.22345132660120726 0.029999999329447746 0.07522123865783215
0 0.5637499873992056 0.23451327346265316 0.042499999050050974 0.08849557489156723
0 0.6137499862816185 0.2654867246747017 0.03749999916180968 0.07079645991325378
0 0.6537499853875488 0.30530973337590694 0.047499998938292265 0.08849557489156723
0 0.712499984074384 0.3230088483542204 0.0549999987706542 0.09734513238072395
0 0.7649999829009175 0.21238937973976135 0.03999999910593033 0.07964601740241051
1 0.8087499819230288 0.21460176911205053 0.03749999916180968 0.0575221236795187
0 0.8837499802466482 0.19026548601686954 0.042499999050050974 0.08849557489156723
0 0.941249978961423 0.21460176911205053 0.042499999050050974 0.09292035363614559
0 0.8412499811965972 0.21238937973976135 0.02249999949708581 0.05309734493494034
