1 0.061249998630955815 0.4850187315605581 0.09249999793246388 0.13857678044587374
1 0.08874999801628292 0.12359550688415766 0.06749999849125743 0.09737827815115452
0 0.14749999670311809 0.09176030056551099 0.0549999987706542 0.0936329597607255
0 0.31124999304302037 0.04681647988036275 0.05749999871477485 0.08614232297986746
1 0.2299999948590994 0.11797752929851413 0.06999999843537807 0.10861423332244158
1 0.2649999940767884 0.2846441976726055 0.04499999899417162 0.0749063678085804
1 0.21749999513849616 0.47940075397491455 0.08499999810010195 0.12734082527458668
1 0.158749996451661 0.6423221039585769 0.10749999759718776 0.10861423332244158
0 0.21249999525025487 0.8782771625556052 0.12999999709427357 0.22097378503531218
1 0.35999999195337296 0.661048695910722 0.13999999687075615 0.16104869078844786
1 0.32624999270774424 0.3801498166285455 0.09249999793246388 0.12359550688415766
1 0.3462499922607094 0.13857678044587374 0.07249999837949872 0.0749063678085804
1 0.4399999901652336 0.15355805400758982 0.06499999854713678 0.08988764137029648
0 0.5012499887961894 0.11610487010329962 0.07249999837949872 0.09737827815115452
0 0.4899999890476465 0.3520599287003279 0.08999999798834324 0.12734082527458668
1 0.5712499872315675 0.2640449465252459 0.06249999860301614 0.10112359654158354
1 0.631249985890463 0.11423221090808511 0.07749999826774001 0.11610487010329962
1 0.7362499835435301 0.11048689251765609 0.06749999849125743 0.07865168619900942
1 0.7462499833200127 0.26966292411088943 0.06249999860301614 0.08988764137029648
0 0.6824999847449362 0.4288389557041228 0.09999999776482582 0.15355805400758982
1 0.6362499857787043 0.6666666734963655 0.09249999793246388 0.12734082527458668
0 0.754999983124435 0.7977528171613812 0.09999999776482582 0.14232209883630276
0 0.8299999814480543 0.5000000051222742 0.08999999798834324 0.13857678044587374
1 0.867499980609864 0.1479400764219463 0.05999999865889549 0.0936329597607255
1 0.9774999781511724 0.08988764137029648 0.04999999888241291 0.0749063678085804
0 0.9262499792966992 0.3183520631864667 0.07249999837949872 0.09737827815115452
