2 0.12499999720603228 0.5355805298313498 0.13499999698251486 0.21722846664488316
0 0.433749990304932 0.6891385838389397 0.1324999970383942 0.20224719308316708
0 0.5387499879579991 0.7958801579661667 0.07249999837949872 0.16104869078844786
0 0.669999985024333 0.8220973866991699 0.12499999720603228 0.2059925114735961
0 0.8187499816995114 0.760299633257091 0.09249999793246388 0.15730337239801884
0 0.6562499853316694 0.46441948041319847 0.06749999849125743 0.11985018849372864
0 0.7224999838508666 0.42509363731369376 0.06999999843537807 0.10861423332244158
0 0.511249988572672 0.3801498166285455 0.047499998938292265 0.08614232297986746
0 0.5637499873992056 0.32771535916253924 0.05749999871477485 0.08614232297986746
0 0.5987499866168946 0.21910112584009767 0.03749999916180968 0.06367041263729334
0 0.6837499847169966 0.19850187469273806 0.03749999916180968 0.05992509424686432
0 0.5362499880138785 0.2059925114735961 0.03749999916180968 0.05992509424686432
0 0.5824999869801104 0.15730337239801884 0.029999999329447746 0.04494382068514824
0 0.6499999854713678 0.14606741722673178 0.03499999921768904 0.04494382068514824
0 0.7424999834038317 0.13483146205544472 0.03499999921768904 0.0374531839042902
0 0.9174999794922769 0.13483146205544472 0.024999999441206455 0.02996254712343216
