0 0.023749999469146132 0.4925093683414161 0.042499999050050974 0.07865168619900942
0 0.08999999798834324 0.4550561844371259 0.04499999899417162 0.07116104941815138
0 0.19374999566935003 0.4550561844371259 0.047499998938292265 0.07116104941815138
0 0.28874999354593456 0.4288389557041228 0.042499999050050974 0.06367041263729334
0 0.3499999921768904 0.4494382068514824 0.04499999899417162 0.08239700458943844
0 0.48499998915940523 0.4681647988036275 0.04499999899417162 0.0749063678085804
0 0.5062499886844307 0.4288389557041228 0.0274999993853271 0.08614232297986746
0 0.6149999862536788 0.44007491087540984 0.024999999441206455 0.04868913907557726
0 0.6937499844934791 0.33146067755296826 0.052499998826533556 0.0936329597607255
0 0.8724999804981053 0.3558052470907569 0.05999999865889549 0.08988764137029648
0 0.9937499777879566 0.3801498166285455 0.01749999960884452 0.07116104941815138
0 0.9287499792408198 0.3764044982381165 0.047499998938292265 0.07865168619900942
1 0.6399999856948853 0.4475655476562679 0.03499999921768904 0.07116104941815138
1 0.4062499909196049 0.49438202753663063 0.042499999050050974 0.0749063678085804
1 0.26124999416060746 0.4719101171940565 0.047499998938292265 0.08239700458943844
