0 0.08499999810010195 0.3183520631864667 0.04499999899417162 0.0749063678085804
0 0.1487499966751784 0.2846441976726055 0.03749999916180968 0.05992509424686432
0 0.19999999552965164 0.25280899135395885 0.029999999329447746 0.04868913907557726
0 0.2687499939929694 0.32771535916253924 0.047499998938292265 0.07116104941815138
0 0.42124999058432877 0.3164794039912522 0.047499998938292265 0.07116104941815138
0 0.5087499886285514 0.24906367296352983 0.0824999981559813 0.1310861436650157
0 0.6062499864492565 0.24157303618267179 0.042499999050050974 0.08614232297986746
0 0.6974999844096601 0.32584269996732473 0.029999999329447746 0.04494382068514824
0 0.7637499829288572 0.2808988792821765 0.042499999050050974 0.0749063678085804
0 0.8549999808892608 0.3333333367481828 0.03499999921768904 0.05992509424686432
0 0.9399999789893627 0.3052434488199651 0.03499999921768904 0.06367041263729334
0 0.9724999782629311 0.29400749364867806 0.019999999552965164 0.04868913907557726
0 0.2812499937135726 0.23970037698745728 0.0274999993853271 0.0374531839042902
