0 0.09124999796040356 0.3033707896247506 0.05749999871477485 0.08988764137029648
2 0.24374999455176294 0.3614232246764004 0.047499998938292265 0.07116104941815138
0 0.3462499922607094 0.27153558330610394 0.052499998826533556 0.08614232297986746
0 0.3687499917577952 0.6853932654485106 0.10249999770894647 0.19475655630230904
0 0.40999999083578587 0.47752809477970004 0.08499999810010195 0.1310861436650157
0 0.5349999880418181 0.2584269689396024 0.029999999329447746 0.05992509424686432
0 0.6174999861977994 0.4363295924849808 0.08999999798834324 0.15355805400758982
2 0.6749999849125743 0.2078651706688106 0.03499999921768904 0.07116104941815138
0 0.6974999844096601 0.30711610801517963 0.04499999899417162 0.0749063678085804
0 0.7737499827053398 0.4513108660466969 0.05749999871477485 0.0936329597607255
0 0.7949999822303653 0.282771538477391 0.04999999888241291 0.07865168619900942
0 0.8937499800231308 0.5280898930504918 0.11749999737367034 0.16479400917887688
0 0.9312499791849405 0.21348314825445414 0.03749999916180968 0.05992509424686432
0 0.8749999804422259 0.21722846664488316 0.03999999910593033 0.06741573102772236
0 0.029999999329447746 0.6123595568351448 0.0549999987706542 0.11610487010329962
