0 0.26749999402090907 0.1085972897708416 0.024999999441206455 0.06334841903299093
0 0.23749999469146132 0.15158371697179973 0.03999999910593033 0.067873306106776
0 0.1649999963119626 0.6357466338668019 0.07999999821186066 0.14027149928733706
0 0.33874999242834747 0.5248869005590677 0.06249999860301614 0.12669683806598186
0 0.41999999061226845 0.31447965162806213 0.0549999987706542 0.11312217684462667
0 0.40249999100342393 0.03619909659028053 0.019999999552965164 0.03619909659028053
0 0.45874998974613845 0.0542986448854208 0.01749999960884452 0.045248870737850666
0 0.557499987538904 0.08371041086502373 0.029999999329447746 0.04977375781163573
0 0.5437499878462404 0.25339367613196373 0.052499998826533556 0.1085972897708416
0 0.5712499872315675 0.4276018284726888 0.06249999860301614 0.1221719509921968
0 0.6537499853875488 0.24886878905817866 0.05749999871477485 0.1085972897708416
1 0.7499999832361937 0.1289592816028744 0.029999999329447746 0.058823531959205866
0 0.8124999818392098 0.16063349111936986 0.03499999921768904 0.07692308025434613
0 0.7887499823700637 0.04977375781163573 0.0274999993853271 0.0542986448854208
0 0.8524999809451401 0.04298642720095813 0.03499999921768904 0.058823531959205866
0 0.9012499798554927 0.067873306106776 0.03249999927356839 0.045248870737850666
