0 0.06749999849125743 0.7051282079191878 0.11999999731779099 0.3040293052326888
1 0.42499999050050974 0.06593406619504094 0.03999999910593033 0.06593406619504094
0 0.3224999927915633 0.06043956067878753 0.05999999865889549 0.06959706987254322
0 0.0549999987706542 0.023809523903764784 0.0549999987706542 0.04029304045252502
0 0.2587499942164868 0.17582417652010918 0.052499998826533556 0.08058608090505004
0 0.3474999922327697 0.186813187552616 0.06999999843537807 0.10256410297006369
1 0.5899999868124723 0.21062271145638078 0.03999999910593033 0.06959706987254322
1 0.5524999876506627 0.2655677666189149 0.05999999865889549 0.08424908458255231
0 0.6887499846052378 0.14652014710009098 0.05749999871477485 0.09523809561505914
0 0.8274999815039337 0.19780219858512282 0.04499999899417162 0.08058608090505004
0 0.7787499825935811 0.4816849835915491 0.0824999981559813 0.10622710664756596
0 0.9337499791290611 0.35714285855647177 0.06249999860301614 0.08424908458255231
0 0.49749998888000846 0.41941392107401043 0.06999999843537807 0.11355311400257051
