0 0.19999999552965164 0.08222222421318293 0.009999999776482582 0.02222222276031971
0 0.21874999511055648 0.0844444464892149 0.012499999720603228 0.02666666731238365
0 0.2574999942444265 0.07555555738508701 0.014999999664723873 0.02666666731238365
0 0.3249999927356839 0.057777779176831245 0.024999999441206455 0.06222222372889519
0 0.30374999321065843 0.14666667021811008 0.03249999927356839 0.035555556416511536
0 0.15124999661929905 0.09777778014540672 0.0274999993853271 0.06222222372889519
0 0.45374998985789716 0.12000000290572643 0.01749999960884452 0.06222222372889519
0 0.5049999887123704 0.13555555883795023 0.03999999910593033 0.0844444464892149
0 0.5949999867007136 0.2000000048428774 0.014999999664723873 0.02666666731238365
0 0.6974999844096601 0.12666666973382235 0.03999999910593033 0.07555555738508701
0 0.8774999803863466 0.14888889249414206 0.03499999921768904 0.09333333559334278
