1 0.04499999899417162 0.7228464493528008 0.019999999552965164 0.05992509424686432
0 0.0987499977927655 0.7322097453288734 0.042499999050050974 0.07116104941815138
0 0.1762499960605055 0.7003745390102267 0.01749999960884452 0.04494382068514824
0 0.2624999941326678 0.756554314866662 0.03999999910593033 0.05992509424686432
1 0.32749999267980456 0.569288395345211 0.024999999441206455 0.04494382068514824
0 0.35499999206513166 0.5861423281021416 0.03499999921768904 0.04868913907557726
2 0.39749999111518264 0.5992509424686432 0.029999999329447746 0.0374531839042902
1 0.37124999170191586 0.6666666734963655 0.03249999927356839 0.05243445746600628
0 0.3237499927636236 0.7022471982054412 0.03749999916180968 0.04868913907557726
0 0.4162499906960875 0.6779026286676526 0.03749999916180968 0.05992509424686432
0 0.45749998977407813 0.6273408303968608 0.03499999921768904 0.06367041263729334
0 0.549999987706542 0.5955056240782142 0.029999999329447746 0.04494382068514824
0 0.5049999887123704 0.7022471982054412 0.03999999910593033 0.06367041263729334
0 0.5287499881815165 0.7752809068188071 0.042499999050050974 0.0749063678085804
0 0.6012499865610152 0.5842696689069271 0.03749999916180968 0.05992509424686432
1 0.5762499871198088 0.9644194855354726 0.047499998938292265 0.07116104941815138
0 0.5687499872874469 0.4868913907557726 0.0274999993853271 0.0374531839042902
0 0.5137499885167927 0.4513108660466969 0.02249999949708581 0.04119850229471922
0 0.6174999861977994 0.4925093683414161 0.024999999441206455 0.04119850229471922
0 0.7299999836832285 0.4157303413376212 0.024999999441206455 0.0374531839042902
0 0.7887499823700637 0.42696629650890827 0.01749999960884452 0.02996254712343216
0 0.9074999797157943 0.5037453235127032 0.024999999441206455 0.03370786551386118
