0 0.0987499977927655 0.24000000581145287 0.052499998826533556 0.06222222372889519
0 0.2624999941326678 0.2066666716709733 0.04499999899417162 0.06666666828095913
0 0.15749999647960067 0.2911111181601882 0.019999999552965164 0.04000000096857548
0 0.33874999242834747 0.2511111171916127 0.0274999993853271 0.04888889007270336
0 0.42624999047257006 0.24000000581145287 0.03749999916180968 0.08000000193715096
0 0.5324999880976975 0.2600000062957406 0.03999999910593033 0.0844444464892149
0 0.7137499840464443 0.26444445084780455 0.0274999993853271 0.0844444464892149
0 0.863749980693683 0.24666667263954878 0.03749999916180968 0.07555555738508701
0 0.584999986924231 0.34000000823289156 0.009999999776482582 0.02222222276031971
0 0.9899999778717756 0.36222223099321127 0.009999999776482582 0.02222222276031971
0 0.9774999781511724 0.3688888978213072 0.014999999664723873 0.02666666731238365
