0 0.08624999807216227 0.2714285596739501 0.042499999050050974 0.08571428200230002
0 0.16749999625608325 0.3183673331514001 0.04999999888241291 0.07346938457340002
0 0.3012499932665378 0.23673468362540007 0.0274999993853271 0.057142854668200016
0 0.356249992037192 0.2979591707699001 0.047499998938292265 0.09795917943120003
0 0.3724999916739762 0.23877549986355007 0.029999999329447746 0.06122448714450002
0 0.4074999908916652 0.2795918246265501 0.03999999910593033 0.07755101704970002
0 0.4549999898299575 0.47755099972710013 0.04999999888241291 0.08163264952600002
0 0.4349999902769923 0.25714284600690007 0.014999999664723873 0.057142854668200016
0 0.4787499892991036 0.2755101921502501 0.0274999993853271 0.06122448714450002
0 0.5274999882094562 0.2714285596739501 0.029999999329447746 0.06938775209710002
0 0.5612499874550849 0.2775510083884001 0.042499999050050974 0.08163264952600002
0 0.6137499862816185 0.3061224357225001 0.03749999916180968 0.06530611962080002
0 0.6512499854434282 0.3326530468184501 0.03749999916180968 0.07755101704970002
0 0.7137499840464443 0.3551020254381001 0.052499998826533556 0.08163264952600002
0 0.7212499838788062 0.21836733748205006 0.02249999949708581 0.053061222191900015
0 0.7699999827891588 0.2591836622450501 0.03499999921768904 0.06938775209710002
1 0.8074999819509685 0.2591836622450501 0.03499999921768904 0.06122448714450002
0 0.8399999812245369 0.25102039729245007 0.019999999552965164 0.04489795723930001
0 0.8824999802745879 0.24081631610170007 0.03999999910593033 0.06530611962080002
0 0.9387499790173024 0.2591836622450501 0.047499998938292265 0.07755101704970002
