2 0.10874999756924808 0.23962264508008957 0.11249999748542905 0.1773584932088852
1 0.23749999469146132 0.12075471878051758 0.06499999854713678 0.08301886916160583
0 0.3574999920092523 0.20943396538496017 0.04499999899417162 0.08679245412349701
0 0.41499999072402716 0.34716981649398804 0.07999999821186066 0.12830188870429993
0 0.2587499942164868 0.7528301998972893 0.20749999536201358 0.3056603819131851
0 0.5624999874271452 0.6886792555451393 0.19499999564141035 0.3056603819131851
0 0.6212499861139804 0.40188679844141006 0.09749999782070518 0.1622641533613205
0 0.4999999888241291 0.2528301924467087 0.06999999843537807 0.11320754885673523
1 0.8337499813642353 0.24150943756103516 0.0824999981559813 0.12830188870429993
0 0.9474999788217247 0.14339622855186462 0.08999999798834324 0.11320754885673523
0 0.9599999785423279 0.2905660420656204 0.07999999821186066 0.14339622855186462
0 0.7912499823141843 0.5566037818789482 0.11249999748542905 0.18490566313266754
