0 0.09124999796040356 0.8300000200979412 0.06249999860301614 0.08666666876524687
0 0.22124999505467713 0.8300000200979412 0.05749999871477485 0.08666666876524687
0 0.33249999256804585 0.8583333541173488 0.0549999987706542 0.08333333535119891
0 0.5062499886844307 0.9033333552069962 0.06749999849125743 0.08666666876524687
0 0.7962499822024256 0.7700000186450779 0.06249999860301614 0.07333333510905504
0 0.9549999786540866 0.838333353633061 0.0549999987706542 0.05000000121071935
0 0.666249985108152 0.6616666826885194 0.05749999871477485 0.076666668523103
0 0.8512499809730798 0.5100000123493373 0.047499998938292265 0.060000001452863216
0 0.9812499780673534 0.5716666805092245 0.03249999927356839 0.06333333486691117
0 0.7212499838788062 0.5066666789352894 0.03749999916180968 0.0533333346247673
0 0.5449999878183007 0.6816666831728071 0.0549999987706542 0.07000000169500709
0 0.40999999083578587 0.6483333490323275 0.0549999987706542 0.07000000169500709
0 0.22749999491497874 0.5916666809935123 0.029999999329447746 0.076666668523103
0 0.18999999575316906 0.5766666806302965 0.0549999987706542 0.08000000193715096
0 0.12249999726191163 0.5733333472162485 0.04999999888241291 0.07333333510905504
0 0.014999999664723873 0.5466666799038649 0.024999999441206455 0.07333333510905504
0 0.02249999949708581 0.39500000956468284 0.03999999910593033 0.043333334382623434
0 0.1324999970383942 0.39333334285765886 0.04499999899417162 0.060000001452863216
0 0.2649999940767884 0.43166667711921036 0.03999999910593033 0.05666666803881526
0 0.3449999922886491 0.42333334358409047 0.04499999899417162 0.060000001452863216
0 0.4712499894667417 0.4833333450369537 0.052499998826533556 0.060000001452863216
0 0.5724999872036278 0.4966666786931455 0.04999999888241291 0.060000001452863216
0 0.9662499784026295 0.35666667530313134 0.042499999050050974 0.060000001452863216
0 0.8162499817553908 0.3200000077486038 0.0274999993853271 0.060000001452863216
0 0.7249999837949872 0.308333340799436 0.03999999910593033 0.06333333486691117
0 0.6524999854154885 0.306666674092412 0.04499999899417162 0.04666666779667139
0 0.5399999879300594 0.2533333394676447 0.03999999910593033 0.060000001452863216
0 0.48499998915940523 0.2600000062957406 0.03499999921768904 0.060000001452863216
0 0.37499999161809683 0.21666667191311717 0.03499999921768904 0.060000001452863216
0 0.29374999343417585 0.23333333898335695 0.03249999927356839 0.0533333346247673
0 0.1812499959487468 0.2066666716709733 0.03249999927356839 0.0533333346247673
0 0.0874999980442226 0.20500000496394932 0.03999999910593033 0.06333333486691117
0 0.021249999525025487 0.19500000472180545 0.03749999916180968 0.05666666803881526
0 0.019999999552965164 0.1000000024214387 0.029999999329447746 0.04666666779667139
0 0.11874999734573066 0.1066666692495346 0.02249999949708581 0.04666666779667139
0 0.2087499953340739 0.14333333680406213 0.03249999927356839 0.0533333346247673
0 0.3349999925121665 0.14833333692513406 0.029999999329447746 0.05666666803881526
0 0.48624998913146555 0.12166666961275041 0.0274999993853271 0.05666666803881526
0 0.5749999871477485 0.153333337046206 0.03499999921768904 0.060000001452863216
0 0.6974999844096601 0.1833333377726376 0.03499999921768904 0.060000001452863216
0 0.789999982342124 0.1616666705813259 0.03999999910593033 0.06333333486691117
0 0.902499979827553 0.19500000472180545 0.03499999921768904 0.05666666803881526
0 0.987499977927655 0.2133333384990692 0.024999999441206455 0.060000001452863216
0 0.8174999817274511 0.06333333486691117 0.029999999329447746 0.04666666779667139
0 0.7424999834038317 0.07166666840203106 0.03499999921768904 0.05000000121071935
0 0.6437499856110662 0.06500000157393515 0.03249999927356839 0.05666666803881526
0 0.5999999865889549 0.023333333898335695 0.024999999441206455 0.04000000096857548
0 0.5162499884609133 0.060000001452863216 0.03249999927356839 0.04666666779667139
0 0.44874998996965587 0.06333333486691117 0.03249999927356839 0.04000000096857548
0 0.38124999147839844 0.05000000121071935 0.03249999927356839 0.04666666779667139
0 0.29374999343417585 0.033333334140479565 0.03749999916180968 0.04666666779667139
0 0.17749999603256583 0.05500000133179128 0.024999999441206455 0.03666666755452752
0 0.11249999748542905 0.02666666731238365 0.024999999441206455 0.04666666779667139
