0 0.03249999927356839 0.2410071997437626 0.0549999987706542 0.07913669245317578
0 0.08874999801628292 0.2787769847782329 0.03249999927356839 0.05395683576352894
0 0.24249999457970262 0.2284172713989392 0.03499999921768904 0.06115108053199947
0 0.3074999931268394 0.23021583259105682 0.04999999888241291 0.08633093722164631
0 0.3462499922607094 0.2410071997437626 0.0274999993853271 0.05035971337929368
0 0.3962499911431223 0.2787769847782329 0.03749999916180968 0.05395683576352894
0 0.46874998952262104 0.27697842358611524 0.03749999916180968 0.05035971337929368
0 0.5687499872874469 0.31654676981270313 0.052499998826533556 0.07194244768470526
0 0.6174999861977994 0.21942446543835104 0.04499999899417162 0.06474820291623473
0 0.7162499839905649 0.23920863855164498 0.03249999927356839 0.05395683576352894
0 0.7537499831523746 0.23561151616740972 0.042499999050050974 0.06834532530047
0 0.8312499814201146 0.32913669815752655 0.047499998938292265 0.06834532530047
0 0.906249979743734 0.2697841788176447 0.042499999050050974 0.07913669245317578
0 0.42499999050050974 0.2625899340491742 0.019999999552965164 0.03597122384235263
