0 0.08999999798834324 0.4513108660466969 0.09499999787658453 0.12359550688415766
0 0.17249999614432454 0.3539325878955424 0.08499999810010195 0.12359550688415766
2 0.21624999516643584 0.279026220086962 0.07249999837949872 0.13857678044587374
0 0.39874999108724296 0.3389513143338263 0.0874999980442226 0.1310861436650157
0 0.4874999891035259 0.27340824250131845 0.07499999832361937 0.12734082527458668
0 0.6299999859184027 0.30711610801517963 0.05999999865889549 0.10486891493201256
0 0.7062499842140824 0.2977528120391071 0.07749999826774001 0.1310861436650157
0 0.8524999809451401 0.17790262354537845 0.04499999899417162 0.10112359654158354
0 0.9662499784026295 0.1891385787166655 0.047499998938292265 0.08614232297986746
2 0.5362499880138785 0.9419475751928985 0.07749999826774001 0.10861423332244158
