0 0.0437499990221113 0.23408239940181375 0.07749999826774001 0.13857678044587374
0 0.24374999455176294 0.378277157433331 0.07249999837949872 0.12734082527458668
0 0.4162499906960875 0.4494382068514824 0.07249999837949872 0.11985018849372864
0 0.5762499871198088 0.4101123637519777 0.06249999860301614 0.1310861436650157
0 0.7062499842140824 0.40262172697111964 0.07249999837949872 0.10112359654158354
0 0.8224999816156924 0.40823970455676317 0.06499999854713678 0.09737827815115452
0 0.8762499804142863 0.38202247582376003 0.03249999927356839 0.0749063678085804
1 0.9249999793246388 0.3895131126046181 0.0549999987706542 0.08988764137029648
1 0.5062499886844307 0.3220973815768957 0.06749999849125743 0.08988764137029648
1 0.6449999855831265 0.3595505654811859 0.03999999910593033 0.10486891493201256
