0 0.09499999787658453 0.40074906777590513 0.10499999765306711 0.16479400917887688
1 0.2037499954458326 0.4101123637519777 0.07249999837949872 0.11610487010329962
1 0.29374999343417585 0.7022471982054412 0.10749999759718776 0.15355805400758982
0 0.47624998935498297 0.4101123637519777 0.0824999981559813 0.13857678044587374
0 0.5624999874271452 0.3164794039912522 0.06499999854713678 0.11610487010329962
1 0.6649999851360917 0.34644195111468434 0.09499999787658453 0.10861423332244158
0 0.8037499820347875 0.36329588387161493 0.047499998938292265 0.1123595517128706
0 0.8774999803863466 0.42696629650890827 0.09999999776482582 0.15730337239801884
1 0.979999978095293 0.5093633010983467 0.03999999910593033 0.1498127356171608
0 0.7637499829288572 0.8202247275039554 0.12749999715015292 0.16479400917887688
