0 0.06499999854713678 0.7164178937673569 0.04499999899417162 0.07462686393409967
0 0.052499998826533556 0.40485073684249073 0.019999999552965164 0.055970147950574756
0 0.13624999695457518 0.3936567072523758 0.03249999927356839 0.055970147950574756
1 0.0549999987706542 0.5055970031535253 0.024999999441206455 0.06343283434398472
1 0.023749999469146132 0.5317164055304602 0.02249999949708581 0.07089552073739469
0 0.3012499932665378 0.26305969536770135 0.05749999871477485 0.08582089352421463
0 0.37624999159015715 0.2779850681545213 0.052499998826533556 0.07835820713080466
0 0.4887499890755862 0.3003731273347512 0.05749999871477485 0.09328357991762459
0 0.6437499856110662 0.31343282852321863 0.047499998938292265 0.08208955032750964
0 0.7562499830964953 0.28917909774463624 0.05749999871477485 0.09328357991762459
0 0.9749999782070518 0.3843283492606133 0.03499999921768904 0.05223880475386977
1 0.9762499781791121 0.5037313315551728 0.03749999916180968 0.07462686393409967
