0 0.10624999762512743 0.4325842740945518 0.03249999927356839 0.08614232297986746
0 0.20124999550171196 0.4475655476562679 0.01749999960884452 0.04119850229471922
0 0.28249999368563294 0.466292139608413 0.024999999441206455 0.0561797758564353
1 0.4999999888241291 0.4101123637519777 0.029999999329447746 0.0561797758564353
0 0.4662499895785004 0.5749063729308546 0.052499998826533556 0.0936329597607255
0 0.6362499857787043 0.3801498166285455 0.02249999949708581 0.04868913907557726
0 0.6224999860860407 0.5299625522457063 0.0549999987706542 0.07865168619900942
0 0.7799999825656414 0.4719101171940565 0.03499999921768904 0.04494382068514824
0 0.8687499805819243 0.4325842740945518 0.03249999927356839 0.03370786551386118
2 0.828749981475994 0.5823970097117126 0.047499998938292265 0.08614232297986746
