0 0.09749999782070518 0.7522123865783215 0.1699999962002039 0.31858406960964203
0 0.2637499941047281 0.6172566348686814 0.10249999770894647 0.19026548601686954
1 0.3024999932385981 0.3805309720337391 0.06499999854713678 0.10619468986988068
0 0.4124999907799065 0.5154867237433791 0.08499999810010195 0.14601769857108593
1 0.4774999893270433 0.3561946889385581 0.03499999921768904 0.11946902610361576
0 0.5487499877344817 0.4247787594795227 0.10749999759718776 0.21238937973976135
0 0.6449999855831265 0.4225663701072335 0.08499999810010195 0.18141592852771282
1 0.6749999849125743 0.1393805304542184 0.04499999899417162 0.08407079614698887
0 0.8662499806378037 0.21460176911205053 0.047499998938292265 0.07522123865783215
0 0.9199999794363976 0.183628317900002 0.0549999987706542 0.10176991112530231
0 0.7412499834317714 0.31637168023735285 0.047499998938292265 0.08407079614698887
0 0.7837499824818224 0.42035398073494434 0.07249999837949872 0.14159291982650757
0 0.9612499785143882 0.44026548508554697 0.06749999849125743 0.1371681410819292
0 0.754999983124435 0.9115044213831425 0.13499999698251486 0.16814159229397774
0 0.4437499900814146 0.1039823004975915 0.03249999927356839 0.0575221236795187
1 0.5974999866448343 0.1371681410819292 0.029999999329447746 0.07079645991325378
1 0.7787499825935811 0.05088495556265116 0.03249999927356839 0.04867256619036198
