0 0.08499999810010195 0.31777778547257185 0.04999999888241291 0.10222222469747066
0 0.16749999625608325 0.37777778692543507 0.04499999899417162 0.08888889104127884
0 0.352499992121011 0.3533333418890834 0.0549999987706542 0.11111111380159855
0 0.4062499909196049 0.3288888968527317 0.042499999050050974 0.08000000193715096
0 0.45374998985789716 0.5644444581121206 0.052499998826533556 0.09777778014540672
0 0.5274999882094562 0.3155555631965399 0.029999999329447746 0.08000000193715096
0 0.5624999874271452 0.32666667457669973 0.04499999899417162 0.09333333559334278
0 0.6137499862816185 0.3600000087171793 0.042499999050050974 0.08000000193715096
0 0.6512499854434282 0.39555556513369083 0.042499999050050974 0.08888889104127884
0 0.7137499840464443 0.41777778789401054 0.05749999871477485 0.1066666692495346
0 0.7674999828450382 0.30444445181638 0.03499999921768904 0.07555555738508701
1 0.8087499819230288 0.30444445181638 0.03749999916180968 0.06666666828095913
0 0.8837499802466482 0.2844444513320923 0.042499999050050974 0.08888889104127884
0 0.9399999789893627 0.306666674092412 0.04999999888241291 0.09777778014540672
0 0.29999999329447746 0.2822222290560603 0.03499999921768904 0.07555555738508701
0 0.4774999893270433 0.32666667457669973 0.03499999921768904 0.06666666828095913
0 0.3687499917577952 0.2822222290560603 0.03749999916180968 0.06666666828095913
0 0.8399999812245369 0.30222222954034805 0.024999999441206455 0.0533333346247673
