0 0.08624999807216227 0.5280898930504918 0.07249999837949872 0.12734082527458668
0 0.13374999701045454 0.9101123688742518 0.09749999782070518 0.17977528274059296
0 0.2524999943561852 0.6385767855681479 0.06499999854713678 0.12359550688415766
0 0.28874999354593456 0.40823970455676317 0.042499999050050974 0.0749063678085804
0 0.3512499921489507 0.3539325878955424 0.03749999916180968 0.07865168619900942
0 0.5024999887682498 0.46254682121798396 0.04499999899417162 0.08614232297986746
0 0.557499987538904 0.34644195111468434 0.03999999910593033 0.07865168619900942
0 0.6787499848287553 0.4363295924849808 0.03749999916180968 0.06367041263729334
0 0.7724999827332795 0.4887640499509871 0.03499999921768904 0.07865168619900942
0 0.8699999805539846 0.5880149872973561 0.03999999910593033 0.1123595517128706
0 0.6012499865610152 0.31086142640560865 0.042499999050050974 0.08239700458943844
