0 0.5374999879859388 0.42500001029111445 0.03999999910593033 0.05000000121071935
0 0.7837499824818224 0.48500001174397767 0.03749999916180968 0.043333334382623434
1 0.8774999803863466 0.49333334527909756 0.03999999910593033 0.04666666779667139
1 0.7187499839346856 0.44833334418945014 0.03749999916180968 0.043333334382623434
1 0.6574999853037298 0.4133333433419466 0.03499999921768904 0.04000000096857548
1 0.4712499894667417 0.41833334346301854 0.03249999927356839 0.05000000121071935
1 0.3674999917857349 0.41000000992789865 0.03999999910593033 0.04666666779667139
1 0.4437499900814146 0.3966666762717068 0.03249999927356839 0.04000000096857548
2 0.20124999550171196 0.4050000098068267 0.042499999050050974 0.05000000121071935
2 0.28374999365769327 0.4050000098068267 0.03249999927356839 0.05000000121071935
2 0.2512499943841249 0.5600000135600567 0.03249999927356839 0.04666666779667139
2 0.6174999861977994 0.43166667711921036 0.03999999910593033 0.05000000121071935
0 0.07249999837949872 0.44166667736135423 0.019999999552965164 0.030000000726431608
1 0.8437499811407179 0.460000011138618 0.02249999949708581 0.02666666731238365
