0 0.08874999801628292 0.2771535608917475 0.042499999050050974 0.0749063678085804
0 0.1599999964237213 0.30898876721039414 0.03999999910593033 0.07865168619900942
0 0.278749993769452 0.25468165054917336 0.042499999050050974 0.0749063678085804
0 0.4012499910313636 0.36891386145725846 0.042499999050050974 0.07116104941815138
0 0.4174999906681478 0.25093633215874434 0.03999999910593033 0.05243445746600628
0 0.5524999876506627 0.21348314825445414 0.03999999910593033 0.0749063678085804
0 0.6574999853037298 0.27528090169653296 0.024999999441206455 0.07865168619900942
0 0.7137499840464443 0.2996254712343216 0.03749999916180968 0.08239700458943844
0 0.8399999812245369 0.29026217525824904 0.03999999910593033 0.06367041263729334
0 0.9037499797996134 0.3146067447960377 0.03749999916180968 0.06741573102772236
