0 0.04499999899417162 0.3202247223816812 0.05999999865889549 0.08614232297986746
0 0.052499998826533556 0.466292139608413 0.06499999854713678 0.08614232297986746
0 0.15749999647960067 0.3764044982381165 0.08499999810010195 0.15355805400758982
0 0.24999999441206455 0.3970037493854761 0.04999999888241291 0.08239700458943844
0 0.5087499886285514 0.18352060113102198 0.07249999837949872 0.11985018849372864
0 0.8274999815039337 0.32771535916253924 0.10499999765306711 0.1685393275693059
0 0.9112499796319753 0.4531835252419114 0.047499998938292265 0.08239700458943844
0 0.7062499842140824 0.4513108660466969 0.052499998826533556 0.06367041263729334
0 0.7624999829567969 0.4363295924849808 0.03499999921768904 0.0561797758564353
0 0.25499999430030584 0.3052434488199651 0.04999999888241291 0.07116104941815138
0 0.9312499791849405 0.3726591798476875 0.03749999916180968 0.0561797758564353
0 0.9474999788217247 0.48127341317012906 0.029999999329447746 0.06367041263729334
0 0.5587499875109643 0.25468165054917336 0.03249999927356839 0.08988764137029648
