0 0.8474999810568988 0.1685393275693059 0.0549999987706542 0.08988764137029648
2 0.9374999790452421 0.3033707896247506 0.04499999899417162 0.08239700458943844
0 0.6462499855551869 0.20037453388795257 0.047499998938292265 0.07116104941815138
0 0.712499984074384 0.2958801528438926 0.03499999921768904 0.05992509424686432
0 0.09374999790452421 0.21348314825445414 0.042499999050050974 0.0749063678085804
2 0.11999999731779099 0.282771538477391 0.0549999987706542 0.0936329597607255
2 0.47999998927116394 0.20037453388795257 0.06499999854713678 0.10112359654158354
1 0.197499995585531 0.2958801528438926 0.0549999987706542 0.08988764137029648
1 0.023749999469146132 0.20411985227838159 0.042499999050050974 0.06367041263729334
1 0.36499999184161425 0.24906367296352983 0.04499999899417162 0.07116104941815138
1 0.6049999864771962 0.22097378503531218 0.03499999921768904 0.05992509424686432
1 0.7287499837111682 0.15730337239801884 0.047499998938292265 0.06741573102772236
1 0.23999999463558197 0.23408239940181375 0.03499999921768904 0.06367041263729334
