0 0.07874999823980033 0.6488889046013355 0.1324999970383942 0.2844444513320923
0 0.32624999270774424 0.39333334285765886 0.0274999993853271 0.057777779176831245
0 0.40874999086372554 0.40222223196178675 0.03249999927356839 0.07555555738508701
0 0.5474999877624214 0.3200000077486038 0.029999999329447746 0.06222222372889519
0 0.13499999698251486 0.41111112106591463 0.014999999664723873 0.031111111864447594
0 0.4437499900814146 0.3688888978213072 0.012499999720603228 0.02666666731238365
0 0.49124998901970685 0.3688888978213072 0.01749999960884452 0.035555556416511536
0 0.6424999856390059 0.3444444527849555 0.019999999552965164 0.02222222276031971
0 0.704999984242022 0.3600000087171793 0.029999999329447746 0.0533333346247673
0 0.9012499798554927 0.30444445181638 0.17249999614432454 0.32444445230066776
1 0.7324999836273491 0.31111111864447594 0.014999999664723873 0.035555556416511536
0 0.21749999513849616 0.40222223196178675 0.009999999776482582 0.04000000096857548
