0 0.033749999245628715 0.30444445181638 0.03249999927356839 0.0844444464892149
0 0.11374999745748937 0.28000000678002834 0.047499998938292265 0.08888889104127884
0 0.25999999418854713 0.6222222372889519 0.03499999921768904 0.06222222372889519
0 0.3062499931547791 0.44000001065433025 0.03749999916180968 0.08000000193715096
0 0.3499999921768904 0.36444445326924324 0.03499999921768904 0.06222222372889519
0 0.4187499906402081 0.41111112106591463 0.042499999050050974 0.06666666828095913
0 0.4662499895785004 0.40888889878988266 0.03249999927356839 0.0533333346247673
0 0.5712499872315675 0.38000000920146704 0.03249999927356839 0.06666666828095913
0 0.6374999857507646 0.39333334285765886 0.03499999921768904 0.06666666828095913
0 0.7224999838508666 0.33333334140479565 0.03499999921768904 0.06222222372889519
1 0.22124999505467713 0.34000000823289156 0.03749999916180968 0.07555555738508701
1 0.313749992987141 0.3533333418890834 0.0274999993853271 0.04888889007270336
1 0.5324999880976975 0.3911111205816269 0.029999999329447746 0.07111111283302307
1 0.394999991171062 0.37111112009733915 0.03499999921768904 0.06666666828095913
