1 0.1374999969266355 0.44247787445783615 0.06499999854713678 0.10619468986988068
1 0.14374999678693712 0.30309734400361776 0.05749999871477485 0.08407079614698887
0 0.21749999513849616 0.28318583965301514 0.04999999888241291 0.07079645991325378
1 0.27624999382533133 0.3451327420771122 0.047499998938292265 0.07964601740241051
0 0.3074999931268394 0.26769911404699087 0.04499999899417162 0.08407079614698887
1 0.236249994719401 0.19911504350602627 0.052499998826533556 0.09734513238072395
0 0.12999999709427357 0.6261061923578382 0.04999999888241291 0.14601769857108593
1 0.19499999564141035 0.6836283160373569 0.07499999832361937 0.14601769857108593
1 0.2649999940767884 0.7942477846518159 0.07499999832361937 0.15486725606024265
0 0.37124999170191586 0.8716814126819372 0.09749999782070518 0.18584070727229118
0 0.3724999916739762 0.5154867237433791 0.06499999854713678 0.12831858359277248
0 0.37124999170191586 0.34955752082169056 0.06249999860301614 0.08849557489156723
1 0.3687499917577952 0.17920353915542364 0.03749999916180968 0.06637168116867542
0 0.46374998963437974 0.19026548601686954 0.042499999050050974 0.09734513238072395
0 0.4449999900534749 0.24557522032409906 0.029999999329447746 0.08407079614698887
0 0.511249988572672 0.18805309664458036 0.042499999050050974 0.08407079614698887
1 0.5724999872036278 0.1371681410819292 0.03999999910593033 0.07964601740241051
1 0.6212499861139804 0.21017699036747217 0.06249999860301614 0.11061946861445904
0 0.46499998960644007 0.4513274319469929 0.0549999987706542 0.10619468986988068
0 0.45749998977407813 0.6261061923578382 0.06499999854713678 0.10176991112530231
0 0.5637499873992056 0.5110619449988008 0.06249999860301614 0.12831858359277248
1 0.4837499891873449 0.8008849527686834 0.042499999050050974 0.10619468986988068
1 0.433749990304932 0.8384955720975995 0.042499999050050974 0.15486725606024265
0 0.6174999861977994 0.9048672532662749 0.08999999798834324 0.16371681354939938
0 0.6449999855831265 0.5619469005614519 0.06999999843537807 0.12389380484819412
0 0.7037499842699617 0.7876106165349483 0.052499998826533556 0.1504424773156643
0 0.6799999848008156 0.40929203387349844 0.04999999888241291 0.09292035363614559
0 0.7587499830406159 0.5287610599771142 0.05749999871477485 0.11061946861445904
1 0.6799999848008156 0.12389380484819412 0.04999999888241291 0.08849557489156723
1 0.6774999848566949 0.24336283095180988 0.03999999910593033 0.06194690242409706
1 0.7274999837391078 0.15265486668795347 0.04499999899417162 0.07522123865783215
0 0.8199999816715717 0.11946902610361576 0.03499999921768904 0.07964601740241051
1 0.7624999829567969 0.25663716718554497 0.04499999899417162 0.07964601740241051
0 0.8399999812245369 0.5088495556265116 0.06999999843537807 0.07964601740241051
1 0.8924999800510705 0.7433628290891647 0.07999999821186066 0.12389380484819412
