0 0.0874999980442226 0.4733333447948098 0.04499999899417162 0.12888889200985432
0 0.2849999936297536 0.4422222329303622 0.03999999910593033 0.10222222469747066
0 0.3349999925121665 0.5022222343832254 0.05999999865889549 0.09777778014540672
0 0.39874999108724296 0.37111112009733915 0.042499999050050974 0.09333333559334278
1 0.44749998999759555 0.3911111205816269 0.0549999987706542 0.1066666692495346
0 0.5087499886285514 0.5044444566592574 0.07749999826774001 0.15555555932223797
1 0.5024999887682498 0.30444445181638 0.04499999899417162 0.0844444464892149
1 0.5824999869801104 0.28666667360812426 0.04999999888241291 0.10222222469747066
1 0.7037499842699617 0.3444444527849555 0.047499998938292265 0.09333333559334278
0 0.673749984940514 0.46222223341464996 0.047499998938292265 0.09777778014540672
0 0.7449999833479524 0.4422222329303622 0.04999999888241291 0.12000000290572643
0 0.8924999800510705 0.3600000087171793 0.04499999899417162 0.08888889104127884
2 0.7912499823141843 0.48666667845100164 0.06749999849125743 0.12000000290572643
1 0.9587499785702676 0.39333334285765886 0.06249999860301614 0.10222222469747066
1 0.18499999586492777 0.36222223099321127 0.029999999329447746 0.057777779176831245
1 0.8174999817274511 0.34222223050892353 0.029999999329447746 0.06222222372889519
0 0.9312499791849405 0.32444445230066776 0.0274999993853271 0.0533333346247673
