0 0.3899999912828207 0.2659090824890882 0.06499999854713678 0.13181817764416337
0 0.45749998977407813 0.23181817447766662 0.05999999865889549 0.1272727232426405
0 0.6549999853596091 0.16136363125406206 0.05999999865889549 0.09545454243198037
0 0.673749984940514 0.2840909000951797 0.06749999849125743 0.12272726884111762
0 0.6949999844655395 0.5931817993987352 0.07999999821186066 0.13181817764416337
0 0.7624999829567969 0.24090908328071237 0.0549999987706542 0.0909090880304575
0 0.8549999808892608 0.21590908407233655 0.03999999910593033 0.08636363362893462
0 0.8187499816995114 0.22045453847385943 0.03749999916180968 0.07727272482588887
0 0.9499999787658453 0.24545453768223524 0.029999999329447746 0.06363636162132025
0 0.23999999463558197 0.13636363204568624 0.06499999854713678 0.17272726725786924
