0 0.04624999896623194 0.5933333477005363 0.07249999837949872 0.1066666692495346
0 0.08499999810010195 0.43166667711921036 0.03499999921768904 0.05666666803881526
0 0.11874999734573066 0.3966666762717068 0.02249999949708581 0.04000000096857548
0 0.197499995585531 0.43166667711921036 0.03499999921768904 0.043333334382623434
0 0.23499999474734068 0.36500000883825123 0.024999999441206455 0.043333334382623434
0 0.17249999614432454 0.3516666751820594 0.019999999552965164 0.030000000726431608
0 0.28749999357387424 0.533333346247673 0.10499999765306711 0.16666667070239782
0 0.40374999097548425 0.3916666761506349 0.02249999949708581 0.030000000726431608
0 0.2899999935179949 0.35666667530313134 0.019999999552965164 0.02666666731238365
0 0.4437499900814146 0.45666667772457004 0.03749999916180968 0.0533333346247673
0 0.5437499878462404 0.44666667748242617 0.05749999871477485 0.08666666876524687
0 0.49249998899176717 0.39500000956468284 0.014999999664723873 0.030000000726431608
0 0.44874998996965587 0.38666667602956295 0.01749999960884452 0.02000000048428774
0 0.584999986924231 0.35666667530313134 0.024999999441206455 0.033333334140479565
0 0.7024999842979014 0.3966666762717068 0.024999999441206455 0.02666666731238365
0 0.7487499832641333 0.44666667748242617 0.02249999949708581 0.033333334140479565
0 0.8262499815318733 0.4500000108964741 0.047499998938292265 0.06666666828095913
0 0.8924999800510705 0.40333334309980273 0.019999999552965164 0.033333334140479565
0 0.9899999778717756 0.4683333446737379 0.019999999552965164 0.06333333486691117
0 0.6624999851919711 0.37166667566634715 0.009999999776482582 0.016666667070239782
0 0.7024999842979014 0.3466666750609875 0.014999999664723873 0.02000000048428774
0 0.7312499836552888 0.36500000883825123 0.012499999720603228 0.016666667070239782
0 0.7774999826215208 0.40333334309980273 0.019999999552965164 0.033333334140479565
0 0.9624999784864485 0.39333334285765886 0.019999999552965164 0.033333334140479565
0 0.9849999779835343 0.3733333423733711 0.009999999776482582 0.02000000048428774
