0 0.0830078125 0.23382353398483247 0.087890625 0.1500000029336661
0 0.16796875 0.3911764782387763 0.140625 0.2000000039115548
0 0.4033203125 0.3647058894857764 0.072265625 0.1000000019557774
0 0.4375 0.21470588655211031 0.06640625 0.0823529427871108
0 0.458984375 0.29264706454705447 0.05859375 0.10882353154011071
0 0.5341796875 0.26617647579405457 0.115234375 0.1617647090461105
0 0.6787109375 0.264705887529999 0.068359375 0.1000000019557774
1 0.6484375 0.1264705907087773 0.046875 0.0705882366746664
1 0.740234375 0.20441176870372146 0.046875 0.0735294132027775
0 0.8125 0.2764705936424434 0.0703125 0.11764706112444401
0 0.8876953125 0.44411765574477613 0.111328125 0.1529411794617772
0 0.88671875 0.24264706356916577 0.0546875 0.0794117662589997
0 0.8603515625 0.12205882591661066 0.052734375 0.0735294132027775
