0 0.7162499839905649 0.3801498166285455 0.06749999849125743 0.10861423332244158
0 0.8874999801628292 0.2771535608917475 0.0549999987706542 0.10486891493201256
0 0.6462499855551869 0.24719101376831532 0.06249999860301614 0.11985018849372864
0 0.39374999119900167 0.4307116148993373 0.05749999871477485 0.08239700458943844
0 0.433749990304932 0.3426966327242553 0.052499998826533556 0.08614232297986746
0 0.042499999050050974 0.3726591798476875 0.07999999821186066 0.22846442181617022
0 0.33249999256804585 0.3558052470907569 0.04499999899417162 0.06741573102772236
0 0.27124999393709004 0.32584269996732473 0.052499998826533556 0.06741573102772236
0 0.09624999784864485 0.3202247223816812 0.03749999916180968 0.0561797758564353
0 0.19999999552965164 0.3164794039912522 0.03999999910593033 0.04868913907557726
0 0.15499999653548002 0.28838951606303453 0.019999999552965164 0.0374531839042902
0 0.5137499885167927 0.2846441976726055 0.0274999993853271 0.04494382068514824
