0 0.03499999921768904 0.18009479343891144 0.024999999441206455 0.06635071337223053
0 0.08499999810010195 0.11374408006668091 0.024999999441206455 0.056872040033340454
0 0.11874999734573066 0.20853081345558167 0.0274999993853271 0.056872040033340454
0 0.20499999541789293 0.187203798443079 0.03499999921768904 0.07109005004167557
0 0.2687499939929694 0.21800948679447174 0.052499998826533556 0.08530806005001068
0 0.3124999930150807 0.12322275340557098 0.029999999329447746 0.0758293867111206
0 0.3674999917857349 0.12322275340557098 0.024999999441206455 0.056872040033340454
0 0.5249999882653356 0.21090048179030418 0.03999999910593033 0.09004739671945572
0 0.6037499865051359 0.18009479343891144 0.03749999916180968 0.09478673338890076
0 0.7174999839626253 0.18009479343891144 0.0549999987706542 0.11374408006668091
0 0.8062499819789082 0.19668247178196907 0.047499998938292265 0.0995260700583458
0 0.8962499799672514 0.1611374467611313 0.03749999916180968 0.06635071337223053
1 0.909999979659915 0.45971565693616867 0.029999999329447746 0.0758293867111206
