0 0.7924999822862446 0.7284644269384444 0.09999999776482582 0.15355805400758982
1 0.8362499813083559 0.5262172338552773 0.07749999826774001 0.11610487010329962
1 0.44874998996965587 0.5599250993691385 0.07749999826774001 0.11610487010329962
0 0.5237499882932752 0.6985018798150122 0.10249999770894647 0.14606741722673178
0 0.9599999785423279 0.5486891441978514 0.05999999865889549 0.08614232297986746
0 0.18874999578110874 0.6310861487872899 0.0824999981559813 0.15355805400758982
0 0.07749999826774001 0.5093633010983467 0.0549999987706542 0.08988764137029648
0 0.26749999402090907 0.5861423281021416 0.04499999899417162 0.10112359654158354
0 0.35374999209307134 0.5337078706361353 0.052499998826533556 0.07865168619900942
0 0.39374999119900167 0.4925093683414161 0.05749999871477485 0.10861423332244158
0 0.5199999883770943 0.4887640499509871 0.05999999865889549 0.0936329597607255
0 0.5699999872595072 0.4887640499509871 0.03999999910593033 0.07116104941815138
0 0.6149999862536788 0.3951310901902616 0.029999999329447746 0.0561797758564353
0 0.7287499837111682 0.3595505654811859 0.042499999050050974 0.05243445746600628
1 0.29999999329447746 0.49438202753663063 0.03999999910593033 0.0749063678085804
0 0.12249999726191163 0.4138576821424067 0.03499999921768904 0.0561797758564353
0 0.37499999161809683 0.3895131126046181 0.04499999899417162 0.06741573102772236
1 0.4737499894108623 0.3408239735290408 0.03249999927356839 0.05243445746600628
0 0.5174999884329736 0.3183520631864667 0.014999999664723873 0.0374531839042902
0 0.6437499856110662 0.31273408560082316 0.01749999960884452 0.03370786551386118
0 0.42624999047257006 0.3370786551386118 0.02249999949708581 0.0374531839042902
0 0.25499999430030584 0.2996254712343216 0.019999999552965164 0.02996254712343216
0 0.6874999846331775 0.3726591798476875 0.03499999921768904 0.04868913907557726
0 0.5799999870359898 0.4288389557041228 0.029999999329447746 0.0561797758564353
0 0.9162499795202166 0.3164794039912522 0.02249999949708581 0.04119850229471922
0 0.9612499785143882 0.30711610801517963 0.02249999949708581 0.04494382068514824
0 0.7837499824818224 0.35018726950511336 0.01749999960884452 0.03370786551386118
0 0.9399999789893627 0.3033707896247506 0.019999999552965164 0.0374531839042902
