0 0.5449999878183007 0.5861423281021416 0.09999999776482582 0.15355805400758982
0 0.03249999927356839 0.4475655476562679 0.019999999552965164 0.03370786551386118
0 0.12874999712221324 0.48127341317012906 0.007499999832361937 0.03370786551386118
0 0.23999999463558197 0.4719101171940565 0.014999999664723873 0.02996254712343216
0 0.27249999390915036 0.46067416202276945 0.019999999552965164 0.02996254712343216
0 0.3774999915622175 0.47940075397491455 0.014999999664723873 0.0374531839042902
1 0.34874999220483005 0.4494382068514824 0.02249999949708581 0.0374531839042902
0 0.433749990304932 0.4531835252419114 0.01749999960884452 0.0374531839042902
0 0.4949999889358878 0.45880150282755494 0.019999999552965164 0.04119850229471922
0 0.6549999853596091 0.4681647988036275 0.014999999664723873 0.0374531839042902
0 0.6974999844096601 0.4531835252419114 0.009999999776482582 0.02996254712343216
0 0.7387499834876508 0.47940075397491455 0.012499999720603228 0.02996254712343216
0 0.8737499804701656 0.3370786551386118 0.01749999960884452 0.02247191034257412
0 0.9399999789893627 0.45880150282755494 0.009999999776482582 0.02621722873300314
1 0.8887499801348895 0.4550561844371259 0.01749999960884452 0.03370786551386118
0 0.8912499800790101 0.3988764085806906 0.01749999960884452 0.02621722873300314
