0 0.05124999885447323 0.2758620623499155 0.047499998938292265 0.06896551558747888
0 0.18749999580904841 0.2528735571540892 0.03999999910593033 0.061302680522203445
0 0.26749999402090907 0.2586206834530458 0.03499999921768904 0.06513409805484116
0 0.40999999083578587 0.24329501332249492 0.03999999910593033 0.06513409805484116
0 0.4549999898299575 0.23371646949090064 0.029999999329447746 0.053639845456928015
0 0.4899999890476465 0.22988505195826292 0.029999999329447746 0.061302680522203445
0 0.5237499882932752 0.1724137889686972 0.03249999927356839 0.03831417532637715
0 0.5137499885167927 0.28352489741519094 0.03749999916180968 0.061302680522203445
0 0.5787499870639294 0.35440612176898867 0.05749999871477485 0.08812260325066745
1 0.6749999849125743 0.2126436730613932 0.04499999899417162 0.07279693312011659
0 0.6949999844655395 0.3754789181984961 0.05999999865889549 0.10727969091385603
0 0.8112499818671495 0.18773945909924805 0.03749999916180968 0.061302680522203445
0 0.8037499820347875 0.3486589954700321 0.052499998826533556 0.06896551558747888
0 0.9199999794363976 0.4559386863838881 0.07999999821186066 0.13793103117495775
1 0.867499980609864 0.4252873461227864 0.03499999921768904 0.0766283506527543
