0 0.05749999871477485 0.2265917626209557 0.06999999843537807 0.08614232297986746
0 0.18999999575316906 0.20973782986402512 0.06499999854713678 0.09737827815115452
0 0.31499999295920134 0.20411985227838159 0.06999999843537807 0.10112359654158354
0 0.4062499909196049 0.23970037698745728 0.06249999860301614 0.06741573102772236
0 0.45874998974613845 0.2453183545731008 0.06249999860301614 0.10112359654158354
0 0.7062499842140824 0.22097378503531218 0.06249999860301614 0.14232209883630276
0 0.8462499810848385 0.28651685686782 0.07249999837949872 0.1310861436650157
0 0.8962499799672514 0.5524344625882804 0.07749999826774001 0.14606741722673178
0 0.8087499819230288 0.6367041263729334 0.0824999981559813 0.1123595517128706
0 0.6112499863374978 0.6142322160303593 0.07249999837949872 0.11985018849372864
0 0.5237499882932752 0.5056179827079177 0.06749999849125743 0.14232209883630276
0 0.3499999921768904 0.5955056240782142 0.08999999798834324 0.1123595517128706
0 0.14124999684281647 0.5056179827079177 0.07249999837949872 0.12734082527458668
