0 0.01874999958090484 0.5200000125914812 0.02249999949708581 0.04444444552063942
0 0.07749999826774001 0.8088889084756374 0.019999999552965164 0.035555556416511536
0 0.07499999832361937 0.4977777898311615 0.024999999441206455 0.04444444552063942
0 0.13999999687075615 0.5066666789352894 0.024999999441206455 0.0533333346247673
1 0.11999999731779099 0.6333333486691117 0.024999999441206455 0.04888889007270336
1 0.16749999625608325 0.7155555728822947 0.019999999552965164 0.04444444552063942
0 0.13499999698251486 0.37777778692543507 0.024999999441206455 0.04444444552063942
0 0.1862499958369881 0.38666667602956295 0.012499999720603228 0.04444444552063942
1 0.1487499966751784 0.27333333995193243 0.02249999949708581 0.04000000096857548
0 0.09374999790452421 0.15777778159826994 0.01749999960884452 0.04000000096857548
0 0.274999993853271 0.691111127845943 0.029999999329447746 0.057777779176831245
0 0.3412499923724681 0.9000000217929482 0.03249999927356839 0.057777779176831245
0 0.30499999318271875 0.6266666818410158 0.024999999441206455 0.0533333346247673
1 0.29999999329447746 0.48666667845100164 0.019999999552965164 0.04000000096857548
0 0.27749999379739165 0.41777778789401054 0.019999999552965164 0.04444444552063942
0 0.37499999161809683 0.49333334527909756 0.019999999552965164 0.04444444552063942
0 0.394999991171062 0.7022222392261028 0.029999999329447746 0.0533333346247673
0 0.43124999036081135 0.8177777975797653 0.0274999993853271 0.06222222372889519
0 0.3999999910593033 0.8044444639235735 0.029999999329447746 0.06222222372889519
0 0.4837499891873449 0.920000022277236 0.01749999960884452 0.04444444552063942
0 0.4937499889638275 0.6600000159814954 0.0274999993853271 0.057777779176831245
0 0.47624998935498297 0.60888890363276 0.03249999927356839 0.035555556416511536
0 0.45374998985789716 0.457777788862586 0.0274999993853271 0.04444444552063942
0 0.3612499919254333 0.37777778692543507 0.0274999993853271 0.04444444552063942
0 0.23374999477528036 0.26444445084780455 0.02249999949708581 0.031111111864447594
1 0.22249999502673745 0.22444444987922907 0.019999999552965164 0.04000000096857548
1 0.2799999937415123 0.2755555622279644 0.024999999441206455 0.04444444552063942
1 0.31499999295920134 0.24888889491558075 0.019999999552965164 0.035555556416511536
0 0.3837499914225191 0.27777778450399637 0.02249999949708581 0.04000000096857548
0 0.3624999918974936 0.21111111622303724 0.024999999441206455 0.04000000096857548
0 0.278749993769452 0.0844444464892149 0.01749999960884452 0.035555556416511536
0 0.31499999295920134 0.0533333346247673 0.014999999664723873 0.035555556416511536
0 0.3412499923724681 0.1688888929784298 0.01749999960884452 0.035555556416511536
0 0.4174999906681478 0.16222222615033388 0.019999999552965164 0.031111111864447594
0 0.25624999427236617 0.20888889394700527 0.01749999960884452 0.035555556416511536
0 0.4399999901652336 0.38000000920146704 0.024999999441206455 0.04000000096857548
0 0.47624998935498297 0.3222222300246358 0.02249999949708581 0.04888889007270336
0 0.5087499886285514 0.3688888978213072 0.02249999949708581 0.04444444552063942
0 0.5199999883770943 0.48666667845100164 0.019999999552965164 0.04000000096857548
0 0.6337499858345836 0.8822222435846925 0.03249999927356839 0.057777779176831245
0 0.6774999848566949 0.9711111346259713 0.03499999921768904 0.057777779176831245
0 0.6249999860301614 0.5755555694922805 0.024999999441206455 0.04000000096857548
0 0.6324999858625233 0.40888889878988266 0.024999999441206455 0.035555556416511536
0 0.5637499873992056 0.38666667602956295 0.02249999949708581 0.04444444552063942
0 0.5824999869801104 0.3511111196130514 0.019999999552965164 0.035555556416511536
0 0.588749986840412 0.2844444513320923 0.01749999960884452 0.035555556416511536
0 0.5324999880976975 0.20888889394700527 0.019999999552965164 0.035555556416511536
0 0.33249999256804585 0.02000000048428774 0.014999999664723873 0.031111111864447594
1 0.42124999058432877 0.05111111234873533 0.012499999720603228 0.031111111864447594
0 0.45249998988583684 0.035555556416511536 0.019999999552965164 0.035555556416511536
0 0.5212499883491546 0.08000000193715096 0.01749999960884452 0.035555556416511536
0 0.5649999873712659 0.033333334140479565 0.014999999664723873 0.031111111864447594
0 0.6537499853875488 0.14222222566604614 0.01749999960884452 0.035555556416511536
1 0.6762499848846346 0.11555555835366249 0.01749999960884452 0.02666666731238365
0 0.6649999851360917 0.28666667360812426 0.019999999552965164 0.031111111864447594
0 0.7024999842979014 0.3977777874097228 0.019999999552965164 0.04000000096857548
0 0.7324999836273491 0.6177777927368879 0.029999999329447746 0.0533333346247673
0 0.7287499837111682 0.44888889975845814 0.02249999949708581 0.04444444552063942
0 0.7524999831803143 0.4977777898311615 0.024999999441206455 0.04444444552063942
0 0.7662499828729779 0.4222222324460745 0.02249999949708581 0.04444444552063942
0 0.7612499829847366 0.5911111254245043 0.02249999949708581 0.04444444552063942
0 0.7099999841302633 0.07777777966111898 0.014999999664723873 0.031111111864447594
0 0.6712499849963933 0.02000000048428774 0.01749999960884452 0.031111111864447594
0 0.7362499835435301 0.02000000048428774 0.012499999720603228 0.031111111864447594
0 0.7712499827612191 0.03777777869254351 0.012499999720603228 0.031111111864447594
1 0.7724999827332795 0.08222222421318293 0.014999999664723873 0.031111111864447594
1 0.7449999833479524 0.16222222615033388 0.014999999664723873 0.031111111864447594
0 0.8124999818392098 0.21111111622303724 0.019999999552965164 0.04000000096857548
0 0.8662499806378037 0.11777778062969446 0.01749999960884452 0.031111111864447594
1 0.8774999803863466 0.017777778208255768 0.014999999664723873 0.02666666731238365
0 0.9112499796319753 0.11333333607763052 0.01749999960884452 0.031111111864447594
0 0.8974999799393117 0.18666667118668556 0.019999999552965164 0.035555556416511536
0 0.8912499800790101 0.26444445084780455 0.02249999949708581 0.04000000096857548
0 0.8587499808054417 0.29555556271225214 0.01749999960884452 0.04000000096857548
0 0.9124999796040356 0.3133333409205079 0.019999999552965164 0.04000000096857548
0 0.9537499786820263 0.2533333394676447 0.012499999720603228 0.02666666731238365
0 0.9249999793246388 0.382222231477499 0.024999999441206455 0.04444444552063942
0 0.9574999785982072 0.460000011138618 0.024999999441206455 0.04000000096857548
0 0.9699999783188105 0.31111111864447594 0.019999999552965164 0.04444444552063942
0 0.8599999807775021 0.08000000193715096 0.014999999664723873 0.02666666731238365
0 0.9899999778717756 0.6800000164657831 0.019999999552965164 0.0533333346247673
0 0.9887499778997153 0.5888889031484723 0.02249999949708581 0.04888889007270336
0 0.941249978961423 0.5155555680394173 0.02249999949708581 0.035555556416511536
