0 0.3612499919254333 0.3377777859568596 0.06249999860301614 0.18666667118668556
0 0.07749999826774001 0.382222231477499 0.07999999821186066 0.1600000038743019
0 0.1699999962002039 0.2822222290560603 0.06499999854713678 0.14666667021811008
0 0.391249991254881 0.49555556755512953 0.06249999860301614 0.14666667021811008
0 0.4437499900814146 0.3577777864411473 0.05749999871477485 0.12888889200985432
0 0.6024999865330756 0.28666667360812426 0.09499999787658453 0.15555555932223797
0 0.2412499946076423 0.32444445230066776 0.03749999916180968 0.11555555835366249
2 0.6424999856390059 0.4911111230030656 0.09999999776482582 0.21777778305113316
1 0.7624999829567969 0.43111112155020237 0.06999999843537807 0.1600000038743019
1 0.9537499786820263 0.34000000823289156 0.052499998826533556 0.12000000290572643
1 0.983749978011474 0.3355555636808276 0.03249999927356839 0.14666667021811008
