0 0.12999999709427357 0.05035971337929368 0.014999999664723873 0.021582734305411577
0 0.08999999798834324 0.20143885351717472 0.019999999552965164 0.028776979073882103
1 0.14124999684281647 0.2913669131230563 0.02249999949708581 0.03597122384235263
0 0.1312499970663339 0.3723021667683497 0.0274999993853271 0.03956834622658789
0 0.17874999600462615 0.37949641153682023 0.01749999960884452 0.03956834622658789
0 0.01749999960884452 0.48381296067964286 0.024999999441206455 0.03956834622658789
0 0.07249999837949872 0.46582734875846654 0.024999999441206455 0.032374101458117366
0 0.1324999970383942 0.47661871591117233 0.029999999329447746 0.03956834622658789
1 0.11374999745748937 0.5737410202855244 0.0274999993853271 0.03956834622658789
0 0.07624999829567969 0.7068345485022292 0.0274999993853271 0.032374101458117366
1 0.16124999639578164 0.6348921008175239 0.02249999949708581 0.03956834622658789
0 0.3637499918695539 0.019784173113293946 0.01749999960884452 0.02517985668964684
0 0.35374999209307134 0.05935251933988184 0.02249999949708581 0.032374101458117366
0 0.317499992903322 0.09532374318223447 0.014999999664723873 0.02517985668964684
0 0.3024999932385981 0.12230216106399894 0.014999999664723873 0.028776979073882103
0 0.26749999402090907 0.15107914013788104 0.019999999552965164 0.028776979073882103
0 0.24624999449588358 0.2410071997437626 0.01749999960884452 0.021582734305411577
1 0.2137499952223152 0.2517985668964684 0.01749999960884452 0.021582734305411577
0 0.22374999499879777 0.2859712295467034 0.01749999960884452 0.02517985668964684
1 0.26749999402090907 0.2913669131230563 0.019999999552965164 0.028776979073882103
0 0.2649999940767884 0.4046762682264671 0.019999999552965164 0.032374101458117366
1 0.2862499936018139 0.4532374204136431 0.01749999960884452 0.028776979073882103
2 0.2912499934900552 0.5647482143249363 0.0274999993853271 0.043165468610823154
0 0.2624999941326678 0.61510792770423 0.029999999329447746 0.043165468610823154
0 0.32624999270774424 0.780575557379052 0.03249999927356839 0.05035971337929368
0 0.24624999449588358 0.951438870630227 0.03749999916180968 0.05395683576352894
0 0.4549999898299575 0.019784173113293946 0.009999999776482582 0.017985611921176314
0 0.41999999061226845 0.05935251933988184 0.014999999664723873 0.02517985668964684
0 0.39374999119900167 0.07194244768470526 0.01749999960884452 0.021582734305411577
1 0.40374999097548425 0.1205035998718813 0.012499999720603228 0.02517985668964684
0 0.4324999903328717 0.10971223271917552 0.019999999552965164 0.032374101458117366
0 0.32624999270774424 0.21043165947776288 0.01749999960884452 0.02517985668964684
0 0.39874999108724296 0.20863309828564525 0.01749999960884452 0.028776979073882103
1 0.3474999922327697 0.24280576093588024 0.019999999552965164 0.032374101458117366
1 0.3012499932665378 0.27338130120188 0.01749999960884452 0.028776979073882103
0 0.3687499917577952 0.2967625966994092 0.02249999949708581 0.032374101458117366
0 0.34374999231658876 0.3723021667683497 0.02249999949708581 0.02517985668964684
0 0.4549999898299575 0.32913669815752655 0.019999999552965164 0.032374101458117366
0 0.4224999905563891 0.37410072796046734 0.024999999441206455 0.028776979073882103
0 0.3574999920092523 0.4640287875663489 0.019999999552965164 0.03597122384235263
0 0.433749990304932 0.4352518084924668 0.02249999949708581 0.03597122384235263
0 0.3774999915622175 0.6258992948569357 0.024999999441206455 0.043165468610823154
0 0.38249999145045877 0.7014388649258763 0.024999999441206455 0.043165468610823154
0 0.4112499908078462 0.7140287932706997 0.0274999993853271 0.04676259099505842
0 0.41374999075196683 0.9406475034775212 0.03749999916180968 0.05395683576352894
0 0.46374998963437974 0.7949640469159931 0.01749999960884452 0.03597122384235263
0 0.4712499894667417 0.5917266322067007 0.0274999993853271 0.03956834622658789
0 0.4562499898020178 0.5503597247879952 0.0274999993853271 0.028776979073882103
0 0.4787499892991036 0.07194244768470526 0.012499999720603228 0.021582734305411577
0 0.546249987790361 0.03597122384235263 0.012499999720603228 0.021582734305411577
0 0.511249988572672 0.08093525364529341 0.012499999720603228 0.010791367152705789
0 0.5412499879021198 0.10971223271917552 0.01749999960884452 0.02517985668964684
0 0.5749999871477485 0.06654676410835236 0.014999999664723873 0.02517985668964684
0 0.4987499888520688 0.14388489536941051 0.01749999960884452 0.028776979073882103
0 0.5349999880418181 0.20323741470929235 0.009999999776482582 0.017985611921176314
0 0.5087499886285514 0.24280576093588024 0.02249999949708581 0.02517985668964684
0 0.5624999874271452 0.3021582802757621 0.019999999552965164 0.028776979073882103
0 0.4874999891035259 0.3669064831919968 0.019999999552965164 0.03597122384235263
0 0.557499987538904 0.35251799365505576 0.019999999552965164 0.028776979073882103
0 0.5387499879579991 0.37949641153682023 0.02249999949708581 0.03956834622658789
0 0.49749998888000846 0.458633103989996 0.019999999552965164 0.032374101458117366
0 0.6299999859184027 0.01258992834482342 0.014999999664723873 0.017985611921176314
0 0.6424999856390059 0.0917266207979992 0.014999999664723873 0.02517985668964684
0 0.6687499850522727 0.07194244768470526 0.012499999720603228 0.021582734305411577
0 0.6949999844655395 0.08992805960588157 0.009999999776482582 0.021582734305411577
0 0.704999984242022 0.09532374318223447 0.014999999664723873 0.02517985668964684
1 0.6787499848287553 0.14028777298517525 0.012499999720603228 0.021582734305411577
0 0.7374999835155904 0.11151079391129315 0.014999999664723873 0.028776979073882103
1 0.7399999834597111 0.14568345656152815 0.014999999664723873 0.02517985668964684
0 0.7112499841023237 0.20683453709352762 0.01749999960884452 0.02517985668964684
1 0.6462499855551869 0.17266187444329262 0.01749999960884452 0.021582734305411577
2 0.6249999860301614 0.19064748636446893 0.019999999552965164 0.028776979073882103
0 0.6374999857507646 0.30035971908364445 0.019999999552965164 0.02517985668964684
0 0.6062499864492565 0.39748202345799655 0.02249999949708581 0.032374101458117366
0 0.6724999849684536 0.3884892174974084 0.019999999552965164 0.028776979073882103
0 0.5987499866168946 0.526978429290466 0.0274999993853271 0.032374101458117366
0 0.6062499864492565 0.7643885066499934 0.03249999927356839 0.04676259099505842
0 0.549999987706542 0.8741007393691689 0.03499999921768904 0.05035971337929368
0 0.6487499854993075 0.8327338319504634 0.03249999927356839 0.04676259099505842
0 0.7687499828170985 0.014388489536941051 0.01749999960884452 0.021582734305411577
0 0.8224999816156924 0.07913669245317578 0.014999999664723873 0.028776979073882103
1 0.8412499811965972 0.09352518199011683 0.012499999720603228 0.021582734305411577
0 0.8237499815877527 0.14568345656152815 0.012499999720603228 0.02517985668964684
0 0.828749981475994 0.17446043563541025 0.01749999960884452 0.02517985668964684
0 0.7774999826215208 0.24280576093588024 0.019999999552965164 0.032374101458117366
0 0.821249981643632 0.3093525250442326 0.01749999960884452 0.028776979073882103
0 0.6987499843817204 0.4280575637239963 0.02249999949708581 0.03597122384235263
0 0.7337499835994095 0.4046762682264671 0.02249999949708581 0.032374101458117366
0 0.7199999839067459 0.46582734875846654 0.024999999441206455 0.032374101458117366
0 0.7287499837111682 0.5413669188274071 0.02249999949708581 0.03956834622658789
0 0.7012499843258411 0.5575539695564657 0.0274999993853271 0.043165468610823154
0 0.7599999830126762 0.9190647691721097 0.03499999921768904 0.05395683576352894
0 0.9049999797716737 0.9802158497041091 0.03999999910593033 0.03956834622658789
0 0.9687499783467501 0.985611533280462 0.03749999916180968 0.028776979073882103
0 0.9112499796319753 0.8093525364529341 0.03249999927356839 0.043165468610823154
0 0.9437499789055437 0.7877698021475226 0.0274999993853271 0.05035971337929368
0 0.9462499788496643 0.6079136829357594 0.0274999993853271 0.043165468610823154
0 0.9462499788496643 0.5377697964431718 0.0274999993853271 0.03956834622658789
0 0.9974999777041376 0.492805766640231 0.009999999776482582 0.03597122384235263
0 0.8999999798834324 0.4802158382954076 0.019999999552965164 0.017985611921176314
0 0.9162499795202166 0.43884893087670207 0.02249999949708581 0.03597122384235263
0 0.8837499802466482 0.3776978503447026 0.02249999949708581 0.03597122384235263
0 0.9274999792687595 0.32374101458117366 0.019999999552965164 0.03597122384235263
0 0.8737499804701656 0.3255395757732913 0.02249999949708581 0.032374101458117366
0 0.8537499809172004 0.2859712295467034 0.01749999960884452 0.032374101458117366
0 0.9112499796319753 0.27697842358611524 0.012499999720603228 0.021582734305411577
0 0.8574999808333814 0.22661871020682156 0.019999999552965164 0.028776979073882103
0 0.8724999804981053 0.170863313251175 0.014999999664723873 0.02517985668964684
0 0.9637499784585088 0.18525180278811604 0.012499999720603228 0.02517985668964684
0 0.9849999779835343 0.10971223271917552 0.014999999664723873 0.02517985668964684
0 0.8974999799393117 0.07553957006894052 0.014999999664723873 0.021582734305411577
0 0.871249980526045 0.044964029802940786 0.012499999720603228 0.02517985668964684
0 0.9324999791570008 0.055755396955646574 0.014999999664723873 0.017985611921176314
1 0.9599999785423279 0.032374101458117366 0.009999999776482582 0.021582734305411577
1 0.9962499777320772 0.07374100887682289 0.012499999720603228 0.017985611921176314
