0 0.047499998938292265 0.4884792622178793 0.019999999552965164 0.04608294926583767
0 0.13499999698251486 0.5506912437267601 0.03499999921768904 0.0691244238987565
0 0.18374999589286745 0.5299539165571332 0.05749999871477485 0.11981566809117794
0 0.2312499948311597 0.5046082944609225 0.03249999927356839 0.0691244238987565
0 0.3224999927915633 0.6797235016711056 0.05999999865889549 0.10599078331142664
0 0.04874999891035259 0.4216589857824147 0.012499999720603228 0.023041474632918835
0 0.09499999787658453 0.4193548383191228 0.014999999664723873 0.0276497695595026
0 0.11874999734573066 0.4285714281722903 0.02249999949708581 0.036866359412670135
0 0.14124999684281647 0.42626728070899844 0.01749999960884452 0.03225806448608637
0 0.2974999933503568 0.435483870562166 0.024999999441206455 0.050691244192421436
0 0.32124999281950295 0.45391705026850104 0.01749999960884452 0.03225806448608637
0 0.3362499924842268 0.51382488431409 0.0274999993853271 0.0414746543392539
0 0.35999999195337296 0.41244239592924714 0.014999999664723873 0.03225806448608637
0 0.4437499900814146 0.4769585249014199 0.0274999993853271 0.0414746543392539
0 0.4224999905563891 0.6474654371850193 0.029999999329447746 0.050691244192421436
0 0.49749998888000846 0.46774193504825234 0.019999999552965164 0.05990783404558897
0 0.5387499879579991 0.5023041469976306 0.03249999927356839 0.06451612897217274
0 0.5262499882373959 0.6244239625521004 0.042499999050050974 0.13364055287092924
0 0.4662499895785004 0.3778801839798689 0.01749999960884452 0.036866359412670135
0 0.4237499905284494 0.38248847890645266 0.02249999949708581 0.036866359412670135
0 0.6437499856110662 0.5069124419242144 0.042499999050050974 0.06451612897217274
0 0.5787499870639294 0.43778801802545786 0.02249999949708581 0.036866359412670135
0 0.6799999848008156 0.37096774158999324 0.014999999664723873 0.03225806448608637
0 0.6674999850802124 0.3317972347140312 0.014999999664723873 0.0276497695595026
0 0.7799999825656414 0.6958525339141488 0.12999999709427357 0.24884792603552341
0 0.9624999784864485 0.4193548383191228 0.03999999910593033 0.09216589853167534
0 0.8749999804422259 0.45391705026850104 0.024999999441206455 0.050691244192421436
0 0.07624999829567969 0.5990783404558897 0.01749999960884452 0.036866359412670135
0 0.06499999854713678 0.414746543392539 0.014999999664723873 0.0276497695595026
