1 0.12749999715015292 0.21190476999618113 0.024999999441206455 0.05238095438107848
1 0.26624999404884875 0.269047629320994 0.0274999993853271 0.061904764268547297
1 0.4987499888520688 0.20238096010871232 0.0274999993853271 0.08095238404348493
1 0.5912499867845327 0.15476191067136824 0.03249999927356839 0.08095238404348493
1 0.6524999854154885 0.28571429662406445 0.04499999899417162 0.08571428898721933
1 0.751249983208254 0.21428572246804833 0.0274999993853271 0.047619049437344074
1 0.7162499839905649 0.22380953235551715 0.02249999949708581 0.047619049437344074
1 0.6812499847728759 0.23095238977111876 0.0274999993853271 0.061904764268547297
1 0.6599999852478504 0.17619048291817307 0.024999999441206455 0.047619049437344074
1 0.8587499808054417 0.18333334033377469 0.03249999927356839 0.07142857415601611
